"      test"

"Time      "	"part4_q0  "	"part4_q1  "	"part4_q2  "	"part4_q3  "	".PART_4.CM_Position.X"	".PART_4.CM_Position.Y"	".PART_4.CM_Position.Z"
0.000000e+00	1.000000e+00	0.000000e+00	0.000000e+00	2.551675e-12	7.500000e-01	-8.500000e-01	3.827559e-12
1.213307e-02	9.999798e-01	-6.352712e-03	2.535475e-12	2.567672e-12	7.500000e-01	-8.499718e-01	4.446809e-03
2.426614e-02	9.999193e-01	-1.270484e-02	2.519111e-12	2.583947e-12	7.500000e-01	-8.498870e-01	8.892667e-03
3.639922e-02	9.998184e-01	-1.905586e-02	2.502647e-12	2.599892e-12	7.500000e-01	-8.497458e-01	1.333668e-02
4.853229e-02	9.996772e-01	-2.540536e-02	2.486086e-12	2.615507e-12	7.500000e-01	-8.495482e-01	1.777802e-02
6.066536e-02	9.994957e-01	-3.175310e-02	2.469429e-12	2.631455e-12	7.500000e-01	-8.492942e-01	2.221596e-02
7.279843e-02	9.992740e-01	-3.809881e-02	2.452673e-12	2.647069e-12	7.500000e-01	-8.489839e-01	2.664981e-02
8.493151e-02	9.990120e-01	-4.444224e-02	2.435813e-12	2.662568e-12	7.500000e-01	-8.486174e-01	3.107883e-02
9.706458e-02	9.987097e-01	-5.078314e-02	2.418858e-12	2.678173e-12	7.500000e-01	-8.481948e-01	3.550233e-02
1.091977e-01	9.983672e-01	-5.712124e-02	2.401811e-12	2.693215e-12	7.500000e-01	-8.477160e-01	3.991958e-02
1.213307e-01	9.979846e-01	-6.345630e-02	2.384677e-12	2.708360e-12	7.500000e-01	-8.471813e-01	4.432989e-02
1.334638e-01	9.975618e-01	-6.978806e-02	2.367435e-12	2.723604e-12	7.500000e-01	-8.465907e-01	4.873253e-02
1.455969e-01	9.970989e-01	-7.611627e-02	2.350105e-12	2.738502e-12	7.500000e-01	-8.459444e-01	5.312681e-02
1.577299e-01	9.965960e-01	-8.244067e-02	2.332681e-12	2.753275e-12	7.500000e-01	-8.452425e-01	5.751203e-02
1.698630e-01	9.960530e-01	-8.876101e-02	2.315176e-12	2.768141e-12	7.500000e-01	-8.444850e-01	6.188747e-02
1.819961e-01	9.954699e-01	-9.507704e-02	2.297580e-12	2.782657e-12	7.500000e-01	-8.436722e-01	6.625243e-02
1.941292e-01	9.948469e-01	-1.013885e-01	2.279858e-12	2.797262e-12	7.500000e-01	-8.428043e-01	7.060623e-02
2.062622e-01	9.941840e-01	-1.076952e-01	2.262076e-12	2.811733e-12	7.500000e-01	-8.418812e-01	7.494816e-02
2.183953e-01	9.934811e-01	-1.139967e-01	2.244208e-12	2.825849e-12	7.500000e-01	-8.409033e-01	7.927752e-02
2.305284e-01	9.927384e-01	-1.202930e-01	2.226247e-12	2.840269e-12	7.500000e-01	-8.398707e-01	8.359364e-02
2.426614e-01	9.919559e-01	-1.265837e-01	2.208203e-12	2.854329e-12	7.500000e-01	-8.387836e-01	8.789580e-02
2.547945e-01	9.911337e-01	-1.328685e-01	2.190064e-12	2.868029e-12	7.500000e-01	-8.376422e-01	9.218334e-02
2.669276e-01	9.902717e-01	-1.391473e-01	2.171854e-12	2.882026e-12	7.500000e-01	-8.364466e-01	9.645557e-02
2.790607e-01	9.893700e-01	-1.454198e-01	2.153514e-12	2.895658e-12	7.500000e-01	-8.351972e-01	1.007118e-01
2.911937e-01	9.884288e-01	-1.516857e-01	2.135158e-12	2.909145e-12	7.500000e-01	-8.338940e-01	1.049514e-01
3.033268e-01	9.874479e-01	-1.579448e-01	2.116682e-12	2.922702e-12	7.500000e-01	-8.325374e-01	1.091736e-01
3.154599e-01	9.864276e-01	-1.641968e-01	2.098127e-12	2.936110e-12	7.500000e-01	-8.311276e-01	1.133778e-01
3.275930e-01	9.853678e-01	-1.704415e-01	2.079486e-12	2.949365e-12	7.500000e-01	-8.296648e-01	1.175633e-01
3.397260e-01	9.842686e-01	-1.766786e-01	2.060762e-12	2.962466e-12	7.500000e-01	-8.281493e-01	1.217294e-01
3.518591e-01	9.831300e-01	-1.829079e-01	2.041958e-12	2.975193e-12	7.500000e-01	-8.265813e-01	1.258756e-01
3.639922e-01	9.819522e-01	-1.891292e-01	2.023054e-12	2.988200e-12	7.500000e-01	-8.249611e-01	1.300011e-01
3.761252e-01	9.807352e-01	-1.953421e-01	2.004107e-12	3.000829e-12	7.500000e-01	-8.232890e-01	1.341052e-01
3.882583e-01	9.794789e-01	-2.015465e-01	1.985058e-12	3.013514e-12	7.500000e-01	-8.215653e-01	1.381874e-01
4.003914e-01	9.781836e-01	-2.077421e-01	1.965955e-12	3.026253e-12	7.500000e-01	-8.197903e-01	1.422469e-01
4.125245e-01	9.768493e-01	-2.139286e-01	1.946788e-12	3.038610e-12	7.500000e-01	-8.179642e-01	1.462832e-01
4.246575e-01	9.754760e-01	-2.201059e-01	1.927493e-12	3.050583e-12	7.500000e-01	-8.160874e-01	1.502956e-01
4.367906e-01	9.740638e-01	-2.262736e-01	1.908200e-12	3.062821e-12	7.500000e-01	-8.141602e-01	1.542834e-01
4.489237e-01	9.726128e-01	-2.324315e-01	1.888754e-12	3.074887e-12	7.500000e-01	-8.121829e-01	1.582461e-01
4.610568e-01	9.711230e-01	-2.385795e-01	1.869262e-12	3.086781e-12	7.500000e-01	-8.101559e-01	1.621830e-01
4.731898e-01	9.695945e-01	-2.447171e-01	1.849699e-12	3.098500e-12	7.500000e-01	-8.080795e-01	1.660935e-01
4.853229e-01	9.680275e-01	-2.508443e-01	1.830065e-12	3.110258e-12	7.500000e-01	-8.059540e-01	1.699769e-01
4.974560e-01	9.664219e-01	-2.569607e-01	1.810385e-12	3.121623e-12	7.500000e-01	-8.037798e-01	1.738327e-01
5.095890e-01	9.647778e-01	-2.630661e-01	1.790548e-12	3.133022e-12	7.500000e-01	-8.015574e-01	1.776603e-01
5.217221e-01	9.630954e-01	-2.691603e-01	1.770708e-12	3.144239e-12	7.500000e-01	-7.992869e-01	1.814589e-01
5.338552e-01	9.613747e-01	-2.752431e-01	1.750831e-12	3.155271e-12	7.500000e-01	-7.969689e-01	1.852282e-01
5.459883e-01	9.596157e-01	-2.813141e-01	1.730857e-12	3.166545e-12	7.500000e-01	-7.946037e-01	1.889674e-01
5.581213e-01	9.578187e-01	-2.873732e-01	1.710772e-12	3.177416e-12	7.500000e-01	-7.921917e-01	1.926760e-01
5.702544e-01	9.559836e-01	-2.934201e-01	1.690674e-12	3.188098e-12	7.500000e-01	-7.897333e-01	1.963534e-01
5.823875e-01	9.541106e-01	-2.994546e-01	1.670522e-12	3.198800e-12	7.500000e-01	-7.872289e-01	1.999989e-01
5.945205e-01	9.521996e-01	-3.054764e-01	1.650259e-12	3.209308e-12	7.500000e-01	-7.846789e-01	2.036122e-01
6.066536e-01	9.502510e-01	-3.114853e-01	1.629948e-12	3.219409e-12	7.500000e-01	-7.820838e-01	2.071925e-01
6.187867e-01	9.482646e-01	-3.174812e-01	1.609651e-12	3.229734e-12	7.500000e-01	-7.794440e-01	2.107393e-01
6.309198e-01	9.462406e-01	-3.234636e-01	1.589203e-12	3.239860e-12	7.500000e-01	-7.767599e-01	2.142521e-01
6.430528e-01	9.441791e-01	-3.294325e-01	1.568714e-12	3.249783e-12	7.500000e-01	-7.740320e-01	2.177303e-01
6.551859e-01	9.420803e-01	-3.353875e-01	1.548069e-12	3.259712e-12	7.500000e-01	-7.712607e-01	2.211734e-01
6.673190e-01	9.399441e-01	-3.413285e-01	1.527516e-12	3.269226e-12	7.500000e-01	-7.684464e-01	2.245808e-01
6.794521e-01	9.377707e-01	-3.472552e-01	1.506774e-12	3.278949e-12	7.500000e-01	-7.655897e-01	2.279520e-01
6.915851e-01	9.355602e-01	-3.531673e-01	1.486081e-12	3.288462e-12	7.500000e-01	-7.626910e-01	2.312865e-01
7.037182e-01	9.333127e-01	-3.590647e-01	1.465372e-12	3.297763e-12	7.500000e-01	-7.597508e-01	2.345838e-01
7.158513e-01	9.310282e-01	-3.649471e-01	1.444485e-12	3.307057e-12	7.500000e-01	-7.567695e-01	2.378433e-01
7.279843e-01	9.287070e-01	-3.708144e-01	1.423658e-12	3.315927e-12	7.500000e-01	-7.537477e-01	2.410645e-01
7.401174e-01	9.263491e-01	-3.766661e-01	1.402633e-12	3.324786e-12	7.500000e-01	-7.506858e-01	2.442470e-01
7.522505e-01	9.239546e-01	-3.825022e-01	1.381645e-12	3.333631e-12	7.500000e-01	-7.475844e-01	2.473903e-01
7.643836e-01	9.215236e-01	-3.883224e-01	1.360629e-12	3.342365e-12	7.500000e-01	-7.444440e-01	2.504938e-01
7.765166e-01	9.190562e-01	-3.941265e-01	1.339484e-12	3.350966e-12	7.500000e-01	-7.412650e-01	2.535571e-01
7.886497e-01	9.165526e-01	-3.999142e-01	1.318307e-12	3.359340e-12	7.500000e-01	-7.380480e-01	2.565797e-01
8.007828e-01	9.140128e-01	-4.056854e-01	1.297156e-12	3.367485e-12	7.500000e-01	-7.347935e-01	2.595612e-01
8.129159e-01	9.114369e-01	-4.114398e-01	1.275814e-12	3.375602e-12	7.500000e-01	-7.315021e-01	2.625010e-01
8.250489e-01	9.088252e-01	-4.171771e-01	1.254607e-12	3.383486e-12	7.500000e-01	-7.281743e-01	2.653988e-01
8.371820e-01	9.061776e-01	-4.228972e-01	1.233216e-12	3.391537e-12	7.500000e-01	-7.248105e-01	2.682540e-01
8.493151e-01	9.034944e-01	-4.285999e-01	1.211778e-12	3.399148e-12	7.500000e-01	-7.214115e-01	2.710663e-01
8.614481e-01	9.007756e-01	-4.342849e-01	1.190339e-12	3.406721e-12	7.500000e-01	-7.179777e-01	2.738352e-01
8.735812e-01	8.980213e-01	-4.399519e-01	1.168848e-12	3.414051e-12	7.500000e-01	-7.145096e-01	2.765604e-01
8.857143e-01	8.952317e-01	-4.456009e-01	1.147346e-12	3.421535e-12	7.500000e-01	-7.110079e-01	2.792412e-01
8.978474e-01	8.924069e-01	-4.512315e-01	1.125774e-12	3.428572e-12	7.500000e-01	-7.074731e-01	2.818775e-01
9.099804e-01	8.895470e-01	-4.568436e-01	1.104171e-12	3.435559e-12	7.500000e-01	-7.039058e-01	2.844687e-01
9.221135e-01	8.866522e-01	-4.624369e-01	1.082470e-12	3.442294e-12	7.500000e-01	-7.003065e-01	2.870145e-01
9.342466e-01	8.837225e-01	-4.680112e-01	1.060705e-12	3.449170e-12	7.500000e-01	-6.966759e-01	2.895144e-01
9.463796e-01	8.807582e-01	-4.735663e-01	1.039120e-12	3.455787e-12	7.500000e-01	-6.930145e-01	2.919682e-01
9.585127e-01	8.777592e-01	-4.791020e-01	1.017225e-12	3.462341e-12	7.500000e-01	-6.893229e-01	2.943753e-01
9.706458e-01	8.747259e-01	-4.846181e-01	9.953631e-13	3.468634e-12	7.500000e-01	-6.856017e-01	2.967356e-01
9.827789e-01	8.716582e-01	-4.901143e-01	9.736772e-13	3.474856e-12	7.500000e-01	-6.818516e-01	2.990485e-01
9.949119e-01	8.685563e-01	-4.955905e-01	9.516535e-13	3.480812e-12	7.500000e-01	-6.780731e-01	3.013138e-01
1.007045e+00	8.654204e-01	-5.010464e-01	9.297551e-13	3.486884e-12	7.500000e-01	-6.742668e-01	3.035310e-01
1.019178e+00	8.622506e-01	-5.064818e-01	9.077897e-13	3.492684e-12	7.500000e-01	-6.704333e-01	3.057000e-01
1.031311e+00	8.590471e-01	-5.118966e-01	8.857826e-13	3.498210e-12	7.500000e-01	-6.665733e-01	3.078203e-01
1.043444e+00	8.558099e-01	-5.172905e-01	8.638739e-13	3.503650e-12	7.500000e-01	-6.626874e-01	3.098916e-01
1.055577e+00	8.525392e-01	-5.226633e-01	8.417438e-13	3.509190e-12	7.500000e-01	-6.587761e-01	3.119137e-01
1.067710e+00	8.492351e-01	-5.280148e-01	8.197620e-13	3.514259e-12	7.500000e-01	-6.548402e-01	3.138861e-01
1.079843e+00	8.458979e-01	-5.333448e-01	7.976014e-13	3.519419e-12	7.500000e-01	-6.508803e-01	3.158087e-01
1.091977e+00	8.425276e-01	-5.386532e-01	7.753994e-13	3.524479e-12	7.500000e-01	-6.468969e-01	3.176811e-01
1.104110e+00	8.391244e-01	-5.439396e-01	7.531769e-13	3.529061e-12	7.500000e-01	-6.428908e-01	3.195031e-01
1.116243e+00	8.356884e-01	-5.492039e-01	7.310768e-13	3.533723e-12	7.500000e-01	-6.388626e-01	3.212743e-01
1.128376e+00	8.322198e-01	-5.544459e-01	7.087541e-13	3.538274e-12	7.500000e-01	-6.348129e-01	3.229946e-01
1.140509e+00	8.287187e-01	-5.596653e-01	6.864712e-13	3.542710e-12	7.500000e-01	-6.307423e-01	3.246636e-01
1.152642e+00	8.251853e-01	-5.648621e-01	6.642486e-13	3.547028e-12	7.500000e-01	-6.266515e-01	3.262811e-01
1.164775e+00	8.216197e-01	-5.700360e-01	6.419804e-13	3.551039e-12	7.500000e-01	-6.225413e-01	3.278470e-01
1.176908e+00	8.180221e-01	-5.751868e-01	6.196835e-13	3.555107e-12	7.500000e-01	-6.184121e-01	3.293609e-01
1.189041e+00	8.143926e-01	-5.803143e-01	5.973748e-13	3.558863e-12	7.500000e-01	-6.142647e-01	3.308226e-01
1.201174e+00	8.107314e-01	-5.854183e-01	5.749412e-13	3.562486e-12	7.500000e-01	-6.100998e-01	3.322319e-01
1.213307e+00	8.070386e-01	-5.904986e-01	5.525272e-13	3.566151e-12	7.500000e-01	-6.059180e-01	3.335886e-01
1.225440e+00	8.033145e-01	-5.955551e-01	5.301493e-13	3.569493e-12	7.500000e-01	-6.017199e-01	3.348926e-01
1.237573e+00	7.995591e-01	-6.005875e-01	5.076909e-13	3.572691e-12	7.500000e-01	-5.975063e-01	3.361436e-01
1.249706e+00	7.957726e-01	-6.055956e-01	4.852995e-13	3.575915e-12	7.500000e-01	-5.932778e-01	3.373415e-01
1.261840e+00	7.919551e-01	-6.105793e-01	4.627203e-13	3.578807e-12	7.500000e-01	-5.890350e-01	3.384860e-01
1.273973e+00	7.881069e-01	-6.155384e-01	4.403732e-13	3.581542e-12	7.500000e-01	-5.847788e-01	3.395770e-01
1.286106e+00	7.842281e-01	-6.204726e-01	4.178643e-13	3.584288e-12	7.500000e-01	-5.805096e-01	3.406144e-01
1.298239e+00	7.803189e-01	-6.253818e-01	3.953420e-13	3.586867e-12	7.500000e-01	-5.762283e-01	3.415981e-01
1.310372e+00	7.763793e-01	-6.302659e-01	3.728192e-13	3.589272e-12	7.500000e-01	-5.719354e-01	3.425278e-01
1.322505e+00	7.724097e-01	-6.351246e-01	3.503086e-13	3.591502e-12	7.500000e-01	-5.676317e-01	3.434035e-01
1.334638e+00	7.684101e-01	-6.399577e-01	3.276807e-13	3.593720e-12	7.500000e-01	-5.633179e-01	3.442250e-01
1.346771e+00	7.643808e-01	-6.447651e-01	3.052312e-13	3.595582e-12	7.500000e-01	-5.589946e-01	3.449922e-01
1.358904e+00	7.603218e-01	-6.495466e-01	2.826875e-13	3.597424e-12	7.500000e-01	-5.546625e-01	3.457051e-01
1.371037e+00	7.562334e-01	-6.543020e-01	2.600588e-13	3.599237e-12	7.500000e-01	-5.503223e-01	3.463635e-01
1.383170e+00	7.521157e-01	-6.590311e-01	2.375006e-13	3.600849e-12	7.500000e-01	-5.459746e-01	3.469673e-01
1.395303e+00	7.479690e-01	-6.637337e-01	2.150252e-13	3.602254e-12	7.500000e-01	-5.416203e-01	3.475165e-01
1.407436e+00	7.437933e-01	-6.684097e-01	1.923481e-13	3.603449e-12	7.500000e-01	-5.372599e-01	3.480111e-01
1.419569e+00	7.395888e-01	-6.730590e-01	1.697742e-13	3.604757e-12	7.500000e-01	-5.328941e-01	3.484508e-01
1.431703e+00	7.353558e-01	-6.776812e-01	1.471650e-13	3.605678e-12	7.500000e-01	-5.285237e-01	3.488358e-01
1.443836e+00	7.310944e-01	-6.822763e-01	1.245295e-13	3.606536e-12	7.500000e-01	-5.241493e-01	3.491659e-01
1.455969e+00	7.268047e-01	-6.868441e-01	1.020292e-13	3.607162e-12	7.500000e-01	-5.197716e-01	3.494411e-01
1.468102e+00	7.224871e-01	-6.913844e-01	7.936890e-14	3.607872e-12	7.500000e-01	-5.153913e-01	3.496614e-01
1.480235e+00	7.181415e-01	-6.958971e-01	5.670891e-14	3.608177e-12	7.500000e-01	-5.110091e-01	3.498268e-01
1.492368e+00	7.137683e-01	-7.003819e-01	3.421353e-14	3.608551e-12	7.500000e-01	-5.066256e-01	3.499373e-01
1.504501e+00	7.093676e-01	-7.048388e-01	1.158142e-14	3.608669e-12	7.500000e-01	-5.022416e-01	3.499928e-01
1.516634e+00	7.049395e-01	-7.092674e-01	-1.102423e-14	3.608683e-12	7.500000e-01	-4.978578e-01	3.499934e-01
1.528767e+00	7.004843e-01	-7.136678e-01	-3.375328e-14	3.608430e-12	7.500000e-01	-4.934748e-01	3.499392e-01
1.540900e+00	6.960022e-01	-7.180397e-01	-5.628120e-14	3.608213e-12	7.500000e-01	-4.890933e-01	3.498300e-01
1.553033e+00	6.914933e-01	-7.223829e-01	-7.891740e-14	3.607716e-12	7.500000e-01	-4.847140e-01	3.496660e-01
1.565166e+00	6.869578e-01	-7.266973e-01	-1.013336e-13	3.607238e-12	7.500000e-01	-4.803377e-01	3.494473e-01
1.577299e+00	6.823959e-01	-7.309828e-01	-1.238431e-13	3.606466e-12	7.500000e-01	-4.759649e-01	3.491738e-01
1.589432e+00	6.778078e-01	-7.352392e-01	-1.466038e-13	3.605546e-12	7.500000e-01	-4.715964e-01	3.488456e-01
1.601566e+00	6.731937e-01	-7.394662e-01	-1.691203e-13	3.604619e-12	7.500000e-01	-4.672328e-01	3.484628e-01
1.613699e+00	6.685537e-01	-7.436639e-01	-1.915468e-13	3.603527e-12	7.500000e-01	-4.628748e-01	3.480255e-01
1.625832e+00	6.638881e-01	-7.478319e-01	-2.142071e-13	3.602260e-12	7.500000e-01	-4.585232e-01	3.475337e-01
1.637965e+00	6.591971e-01	-7.519702e-01	-2.367648e-13	3.600811e-12	7.500000e-01	-4.541785e-01	3.469876e-01
1.650098e+00	6.544808e-01	-7.560786e-01	-2.593795e-13	3.599318e-12	7.500000e-01	-4.498416e-01	3.463873e-01
1.662231e+00	6.497394e-01	-7.601570e-01	-2.818772e-13	3.597625e-12	7.500000e-01	-4.455129e-01	3.457328e-01
1.674364e+00	6.449732e-01	-7.642052e-01	-3.042499e-13	3.595723e-12	7.500000e-01	-4.411933e-01	3.450243e-01
1.686497e+00	6.401823e-01	-7.682230e-01	-3.266603e-13	3.593748e-12	7.500000e-01	-4.368834e-01	3.442619e-01
1.698630e+00	6.353669e-01	-7.722104e-01	-3.491030e-13	3.591687e-12	7.500000e-01	-4.325838e-01	3.434459e-01
1.710763e+00	6.305272e-01	-7.761671e-01	-3.717454e-13	3.589390e-12	7.500000e-01	-4.282952e-01	3.425762e-01
1.722896e+00	6.256635e-01	-7.800931e-01	-3.940652e-13	3.586986e-12	7.500000e-01	-4.240184e-01	3.416530e-01
1.735029e+00	6.207759e-01	-7.839881e-01	-4.164001e-13	3.584466e-12	7.500000e-01	-4.197539e-01	3.406766e-01
1.747162e+00	6.158645e-01	-7.878521e-01	-4.387453e-13	3.581816e-12	7.500000e-01	-4.155024e-01	3.396471e-01
1.759295e+00	6.109297e-01	-7.916848e-01	-4.610954e-13	3.579025e-12	7.500000e-01	-4.112646e-01	3.385647e-01
1.771429e+00	6.059716e-01	-7.954862e-01	-4.834457e-13	3.576082e-12	7.500000e-01	-4.070411e-01	3.374295e-01
1.783562e+00	6.009905e-01	-7.992562e-01	-5.057910e-13	3.572975e-12	7.500000e-01	-4.028327e-01	3.362417e-01
1.795695e+00	5.959864e-01	-8.029945e-01	-5.281264e-13	3.569693e-12	7.500000e-01	-3.986399e-01	3.350017e-01
1.807828e+00	5.909597e-01	-8.067011e-01	-5.506260e-13	3.566353e-12	7.500000e-01	-3.944633e-01	3.337095e-01
1.819961e+00	5.859104e-01	-8.103758e-01	-5.727477e-13	3.562812e-12	7.500000e-01	-3.903037e-01	3.323654e-01
1.832094e+00	5.808389e-01	-8.140185e-01	-5.950238e-13	3.559187e-12	7.500000e-01	-3.861617e-01	3.309696e-01
1.844227e+00	5.757454e-01	-8.176290e-01	-6.170889e-13	3.555461e-12	7.500000e-01	-3.820379e-01	3.295223e-01
1.856360e+00	5.706300e-01	-8.212073e-01	-6.394827e-13	3.551493e-12	7.500000e-01	-3.779330e-01	3.280238e-01
1.868493e+00	5.654929e-01	-8.247532e-01	-6.616559e-13	3.547396e-12	7.500000e-01	-3.738475e-01	3.264744e-01
1.880626e+00	5.603344e-01	-8.282665e-01	-6.837852e-13	3.543279e-12	7.500000e-01	-3.697822e-01	3.248743e-01
1.892759e+00	5.551546e-01	-8.317472e-01	-7.058660e-13	3.538877e-12	7.500000e-01	-3.657377e-01	3.232238e-01
1.904892e+00	5.499538e-01	-8.351951e-01	-7.278934e-13	3.534421e-12	7.500000e-01	-3.617144e-01	3.215231e-01
1.917025e+00	5.447322e-01	-8.386100e-01	-7.498630e-13	3.529892e-12	7.500000e-01	-3.577132e-01	3.197725e-01
1.929159e+00	5.394900e-01	-8.419920e-01	-7.719569e-13	3.525151e-12	7.500000e-01	-3.537346e-01	3.179724e-01
1.941292e+00	5.342274e-01	-8.453408e-01	-7.937975e-13	3.520182e-12	7.500000e-01	-3.497792e-01	3.161230e-01
1.953425e+00	5.289446e-01	-8.486564e-01	-8.157549e-13	3.515205e-12	7.500000e-01	-3.458477e-01	3.142245e-01
1.965558e+00	5.236418e-01	-8.519385e-01	-8.376375e-13	3.510078e-12	7.500000e-01	-3.419405e-01	3.122774e-01
1.977691e+00	5.183193e-01	-8.551872e-01	-8.596307e-13	3.504669e-12	7.500000e-01	-3.380584e-01	3.102820e-01
1.989824e+00	5.129772e-01	-8.584022e-01	-8.815416e-13	3.499302e-12	7.500000e-01	-3.342019e-01	3.082385e-01
2.001957e+00	5.076158e-01	-8.615836e-01	-9.033657e-13	3.493725e-12	7.500000e-01	-3.303716e-01	3.061474e-01
2.014090e+00	5.022352e-01	-8.647310e-01	-9.249067e-13	3.488030e-12	7.500000e-01	-3.265682e-01	3.040089e-01
2.026223e+00	4.968358e-01	-8.678446e-01	-9.467361e-13	3.482302e-12	7.500000e-01	-3.227921e-01	3.018234e-01
2.038356e+00	4.914177e-01	-8.709240e-01	-9.684670e-13	3.476298e-12	7.500000e-01	-3.190439e-01	2.995912e-01
2.050489e+00	4.859811e-01	-8.739693e-01	-9.900950e-13	3.470212e-12	7.500000e-01	-3.153243e-01	2.973128e-01
2.062622e+00	4.805262e-01	-8.769804e-01	-1.011811e-12	3.463911e-12	7.500000e-01	-3.116338e-01	2.949884e-01
2.074755e+00	4.750533e-01	-8.799570e-01	-1.033221e-12	3.457581e-12	7.500000e-01	-3.079730e-01	2.926186e-01
2.086888e+00	4.695626e-01	-8.828992e-01	-1.054711e-12	3.450982e-12	7.500000e-01	-3.043424e-01	2.902035e-01
2.099022e+00	4.640543e-01	-8.858067e-01	-1.076083e-12	3.444400e-12	7.500000e-01	-3.007425e-01	2.877437e-01
2.111155e+00	4.585287e-01	-8.886796e-01	-1.097727e-12	3.437596e-12	7.500000e-01	-2.971740e-01	2.852396e-01
2.123288e+00	4.529858e-01	-8.915177e-01	-1.118851e-12	3.430742e-12	7.500000e-01	-2.936373e-01	2.826914e-01
2.135421e+00	4.474261e-01	-8.943209e-01	-1.140440e-12	3.423705e-12	7.500000e-01	-2.901331e-01	2.800997e-01
2.147554e+00	4.418496e-01	-8.970892e-01	-1.161499e-12	3.416550e-12	7.500000e-01	-2.866617e-01	2.774649e-01
2.159687e+00	4.362566e-01	-8.998223e-01	-1.182820e-12	3.409241e-12	7.500000e-01	-2.832239e-01	2.747874e-01
2.171820e+00	4.306473e-01	-9.025203e-01	-1.204202e-12	3.401838e-12	7.500000e-01	-2.798200e-01	2.720676e-01
2.183953e+00	4.250220e-01	-9.051830e-01	-1.225241e-12	3.394302e-12	7.500000e-01	-2.764506e-01	2.693059e-01
2.196086e+00	4.193809e-01	-9.078104e-01	-1.246334e-12	3.386593e-12	7.500000e-01	-2.731163e-01	2.665028e-01
2.208219e+00	4.137242e-01	-9.104023e-01	-1.267278e-12	3.378762e-12	7.500000e-01	-2.698174e-01	2.636588e-01
2.220352e+00	4.080521e-01	-9.129586e-01	-1.288473e-12	3.370766e-12	7.500000e-01	-2.665546e-01	2.607743e-01
2.232485e+00	4.023648e-01	-9.154794e-01	-1.309309e-12	3.362650e-12	7.500000e-01	-2.633282e-01	2.578497e-01
2.244618e+00	3.966627e-01	-9.179645e-01	-1.330188e-12	3.354542e-12	7.500000e-01	-2.601389e-01	2.548856e-01
2.256751e+00	3.909458e-01	-9.204137e-01	-1.351109e-12	3.346213e-12	7.500000e-01	-2.569870e-01	2.518823e-01
2.268885e+00	3.852144e-01	-9.228271e-01	-1.371864e-12	3.337700e-12	7.500000e-01	-2.538731e-01	2.488404e-01
2.281018e+00	3.794688e-01	-9.252045e-01	-1.392450e-12	3.329120e-12	7.500000e-01	-2.507976e-01	2.457604e-01
2.293151e+00	3.737092e-01	-9.275459e-01	-1.413274e-12	3.320412e-12	7.500000e-01	-2.477610e-01	2.426427e-01
2.305284e+00	3.679357e-01	-9.298512e-01	-1.433923e-12	3.311516e-12	7.500000e-01	-2.447637e-01	2.394878e-01
2.317417e+00	3.621487e-01	-9.321203e-01	-1.454394e-12	3.302533e-12	7.500000e-01	-2.418062e-01	2.362963e-01
2.329550e+00	3.563484e-01	-9.343532e-01	-1.474891e-12	3.293474e-12	7.500000e-01	-2.388889e-01	2.330687e-01
2.341683e+00	3.505350e-01	-9.365496e-01	-1.495410e-12	3.284265e-12	7.500000e-01	-2.360123e-01	2.298054e-01
2.353816e+00	3.447086e-01	-9.387097e-01	-1.515742e-12	3.274912e-12	7.500000e-01	-2.331768e-01	2.265069e-01
2.365949e+00	3.388697e-01	-9.408333e-01	-1.536093e-12	3.265413e-12	7.500000e-01	-2.303829e-01	2.231739e-01
2.378082e+00	3.330183e-01	-9.429204e-01	-1.556250e-12	3.255761e-12	7.500000e-01	-2.276308e-01	2.198068e-01
2.390215e+00	3.271547e-01	-9.449708e-01	-1.576420e-12	3.246089e-12	7.500000e-01	-2.249211e-01	2.164061e-01
2.402348e+00	3.212791e-01	-9.469845e-01	-1.596601e-12	3.236158e-12	7.500000e-01	-2.222542e-01	2.129724e-01
2.414481e+00	3.153918e-01	-9.489615e-01	-1.616581e-12	3.226229e-12	7.500000e-01	-2.196304e-01	2.095063e-01
2.426614e+00	3.094930e-01	-9.509017e-01	-1.636566e-12	3.216124e-12	7.500000e-01	-2.170502e-01	2.060082e-01
2.438748e+00	3.035830e-01	-9.528050e-01	-1.656556e-12	3.205873e-12	7.500000e-01	-2.145138e-01	2.024788e-01
2.450881e+00	2.976619e-01	-9.546714e-01	-1.676547e-12	3.195493e-12	7.500000e-01	-2.120218e-01	1.989185e-01
2.463014e+00	2.917300e-01	-9.565007e-01	-1.696326e-12	3.185059e-12	7.500000e-01	-2.095745e-01	1.953279e-01
2.475147e+00	2.857875e-01	-9.582930e-01	-1.716101e-12	3.174500e-12	7.500000e-01	-2.071721e-01	1.917077e-01
2.487280e+00	2.798347e-01	-9.600482e-01	-1.735659e-12	3.163740e-12	7.500000e-01	-2.048152e-01	1.880583e-01
2.499413e+00	2.738717e-01	-9.617662e-01	-1.755209e-12	3.152940e-12	7.500000e-01	-2.025040e-01	1.843804e-01
2.511546e+00	2.678989e-01	-9.634470e-01	-1.774962e-12	3.141998e-12	7.500000e-01	-2.002389e-01	1.806745e-01
2.523679e+00	2.619165e-01	-9.650905e-01	-1.794277e-12	3.130922e-12	7.500000e-01	-1.980202e-01	1.769412e-01
2.535812e+00	2.559246e-01	-9.666967e-01	-1.813791e-12	3.119703e-12	7.500000e-01	-1.958482e-01	1.731811e-01
2.547945e+00	2.499236e-01	-9.682656e-01	-1.832859e-12	3.108427e-12	7.500000e-01	-1.937233e-01	1.693947e-01
2.560078e+00	2.439136e-01	-9.697970e-01	-1.852339e-12	3.096990e-12	7.500000e-01	-1.916457e-01	1.655827e-01
2.572211e+00	2.378950e-01	-9.712909e-01	-1.871583e-12	3.085438e-12	7.500000e-01	-1.896158e-01	1.617456e-01
2.584344e+00	2.318678e-01	-9.727473e-01	-1.890373e-12	3.073786e-12	7.500000e-01	-1.876339e-01	1.578842e-01
2.596477e+00	2.258324e-01	-9.741662e-01	-1.909570e-12	3.061974e-12	7.500000e-01	-1.857002e-01	1.539988e-01
2.608611e+00	2.197890e-01	-9.755474e-01	-1.928307e-12	3.050115e-12	7.500000e-01	-1.838151e-01	1.500902e-01
2.620744e+00	2.137379e-01	-9.768910e-01	-1.947448e-12	3.038088e-12	7.500000e-01	-1.819787e-01	1.461590e-01
2.632877e+00	2.076792e-01	-9.781970e-01	-1.966125e-12	3.025937e-12	7.500000e-01	-1.801914e-01	1.422058e-01
2.645010e+00	2.016132e-01	-9.794652e-01	-1.984768e-12	3.013747e-12	7.500000e-01	-1.784535e-01	1.382312e-01
2.657143e+00	1.955401e-01	-9.806957e-01	-2.003375e-12	3.001380e-12	7.500000e-01	-1.767652e-01	1.342358e-01
2.669276e+00	1.894602e-01	-9.818884e-01	-2.021945e-12	2.988915e-12	7.500000e-01	-1.751266e-01	1.302202e-01
2.681409e+00	1.833738e-01	-9.830433e-01	-2.040695e-12	2.976324e-12	7.500000e-01	-1.735382e-01	1.261850e-01
2.693542e+00	1.772809e-01	-9.841603e-01	-2.058966e-12	2.963601e-12	7.500000e-01	-1.720000e-01	1.221310e-01
2.705675e+00	1.711820e-01	-9.852394e-01	-2.077412e-12	2.950816e-12	7.500000e-01	-1.705123e-01	1.180587e-01
2.717808e+00	1.650771e-01	-9.862807e-01	-2.095376e-12	2.937878e-12	7.500000e-01	-1.690753e-01	1.139687e-01
2.729941e+00	1.589667e-01	-9.872840e-01	-2.113730e-12	2.924857e-12	7.500000e-01	-1.676893e-01	1.098617e-01
2.742074e+00	1.528508e-01	-9.882493e-01	-2.131596e-12	2.911705e-12	7.500000e-01	-1.663543e-01	1.057383e-01
2.754207e+00	1.467297e-01	-9.891766e-01	-2.149630e-12	2.898480e-12	7.500000e-01	-1.650707e-01	1.015991e-01
2.766341e+00	1.406037e-01	-9.900660e-01	-2.167611e-12	2.885084e-12	7.500000e-01	-1.638386e-01	9.744484e-02
2.778474e+00	1.344730e-01	-9.909173e-01	-2.185316e-12	2.871616e-12	7.500000e-01	-1.626581e-01	9.327611e-02
2.790607e+00	1.283378e-01	-9.917305e-01	-2.203185e-12	2.858037e-12	7.500000e-01	-1.615294e-01	8.909355e-02
2.802740e+00	1.221984e-01	-9.925057e-01	-2.220995e-12	2.844364e-12	7.500000e-01	-1.604527e-01	8.489781e-02
2.814873e+00	1.160550e-01	-9.932428e-01	-2.238303e-12	2.830549e-12	7.500000e-01	-1.594281e-01	8.068953e-02
2.827006e+00	1.099078e-01	-9.939418e-01	-2.255769e-12	2.816651e-12	7.500000e-01	-1.584558e-01	7.646937e-02
2.839139e+00	1.037571e-01	-9.946027e-01	-2.273169e-12	2.802649e-12	7.500000e-01	-1.575359e-01	7.223797e-02
2.851272e+00	9.760315e-02	-9.952254e-01	-2.290504e-12	2.788559e-12	7.500000e-01	-1.566685e-01	6.799599e-02
2.863405e+00	9.144613e-02	-9.958100e-01	-2.307769e-12	2.774320e-12	7.500000e-01	-1.558537e-01	6.374408e-02
2.875538e+00	8.528630e-02	-9.963565e-01	-2.324965e-12	2.759999e-12	7.500000e-01	-1.550916e-01	5.948289e-02
2.887671e+00	7.912390e-02	-9.968648e-01	-2.341645e-12	2.745576e-12	7.500000e-01	-1.543824e-01	5.521308e-02
2.899804e+00	7.295916e-02	-9.973349e-01	-2.358694e-12	2.731053e-12	7.500000e-01	-1.537261e-01	5.093530e-02
2.911937e+00	6.679232e-02	-9.977669e-01	-2.375667e-12	2.716416e-12	7.500000e-01	-1.531228e-01	4.665022e-02
2.924070e+00	6.062361e-02	-9.981607e-01	-2.392341e-12	2.701686e-12	7.500000e-01	-1.525727e-01	4.235847e-02
2.936204e+00	5.445327e-02	-9.985163e-01	-2.408935e-12	2.686845e-12	7.500000e-01	-1.520756e-01	3.806074e-02
2.948337e+00	4.828154e-02	-9.988338e-01	-2.425448e-12	2.671893e-12	7.500000e-01	-1.516318e-01	3.375766e-02
2.960470e+00	4.210865e-02	-9.991130e-01	-2.442099e-12	2.656863e-12	7.500000e-01	-1.512412e-01	2.944991e-02
2.972603e+00	3.593484e-02	-9.993541e-01	-2.458221e-12	2.641721e-12	7.500000e-01	-1.509039e-01	2.513814e-02
2.984736e+00	2.976035e-02	-9.995571e-01	-2.474701e-12	2.626482e-12	7.500000e-01	-1.506200e-01	2.082302e-02
2.996869e+00	2.358540e-02	-9.997218e-01	-2.490869e-12	2.611151e-12	7.500000e-01	-1.503894e-01	1.650519e-02
3.009002e+00	1.741025e-02	-9.998484e-01	-2.506948e-12	2.595713e-12	7.500000e-01	-1.502122e-01	1.218533e-02
3.021135e+00	1.123511e-02	-9.999369e-01	-2.522934e-12	2.580183e-12	7.500000e-01	-1.500884e-01	7.864081e-03
3.033268e+00	5.060233e-03	-9.999872e-01	-2.538603e-12	2.564555e-12	7.500000e-01	-1.500179e-01	3.542118e-03
3.045401e+00	1.114151e-03	9.999994e-01	2.554578e-12	-2.548831e-12	7.500000e-01	-1.500009e-01	-7.799055e-04
3.057534e+00	7.287808e-03	9.999734e-01	2.570265e-12	-2.533011e-12	7.500000e-01	-1.500372e-01	-5.101330e-03
3.069667e+00	1.346050e-02	9.999094e-01	2.585853e-12	-2.517097e-12	7.500000e-01	-1.501268e-01	-9.421498e-03
3.081800e+00	1.963200e-02	9.998073e-01	2.601340e-12	-2.501089e-12	7.500000e-01	-1.502698e-01	-1.373975e-02
3.093933e+00	2.580206e-02	9.996671e-01	2.616727e-12	-2.484987e-12	7.500000e-01	-1.504660e-01	-1.805543e-02
3.106067e+00	3.197046e-02	9.994888e-01	2.632012e-12	-2.468793e-12	7.500000e-01	-1.507155e-01	-2.236788e-02
3.118200e+00	3.813695e-02	9.992725e-01	2.647196e-12	-2.452506e-12	7.500000e-01	-1.510181e-01	-2.667644e-02
3.130333e+00	4.430131e-02	9.990182e-01	2.662277e-12	-2.436128e-12	7.500000e-01	-1.513738e-01	-3.098047e-02
3.142466e+00	5.046330e-02	9.987259e-01	2.677255e-12	-2.419658e-12	7.500000e-01	-1.517826e-01	-3.527930e-02
3.154599e+00	5.662269e-02	9.983956e-01	2.692129e-12	-2.403099e-12	7.500000e-01	-1.522443e-01	-3.957229e-02
3.166732e+00	6.277924e-02	9.980274e-01	2.706899e-12	-2.386450e-12	7.500000e-01	-1.527589e-01	-4.385878e-02
3.178865e+00	6.893272e-02	9.976213e-01	2.721565e-12	-2.369712e-12	7.500000e-01	-1.533262e-01	-4.813812e-02
3.190998e+00	7.508289e-02	9.971773e-01	2.736126e-12	-2.352886e-12	7.500000e-01	-1.539462e-01	-5.240967e-02
3.203131e+00	8.122953e-02	9.966954e-01	2.750581e-12	-2.335972e-12	7.500000e-01	-1.546188e-01	-5.667277e-02
3.215264e+00	8.737241e-02	9.961757e-01	2.764929e-12	-2.318971e-12	7.500000e-01	-1.553438e-01	-6.092679e-02
3.227397e+00	9.351128e-02	9.956182e-01	2.779172e-12	-2.301884e-12	7.500000e-01	-1.561211e-01	-6.517108e-02
3.239530e+00	9.964592e-02	9.950230e-01	2.793307e-12	-2.284712e-12	7.500000e-01	-1.569505e-01	-6.940499e-02
3.251663e+00	1.057761e-01	9.943900e-01	2.807334e-12	-2.267454e-12	7.500000e-01	-1.578320e-01	-7.362789e-02
3.263796e+00	1.119016e-01	9.937193e-01	2.821253e-12	-2.250113e-12	7.500000e-01	-1.587654e-01	-7.783914e-02
3.275930e+00	1.180221e-01	9.930110e-01	2.835064e-12	-2.232687e-12	7.500000e-01	-1.597505e-01	-8.203810e-02
3.288063e+00	1.241375e-01	9.922650e-01	2.848765e-12	-2.215179e-12	7.500000e-01	-1.607871e-01	-8.622414e-02
3.300196e+00	1.302476e-01	9.914815e-01	2.862357e-12	-2.197589e-12	7.500000e-01	-1.618751e-01	-9.039663e-02
3.312329e+00	1.363520e-01	9.906605e-01	2.875839e-12	-2.179918e-12	7.500000e-01	-1.630143e-01	-9.455495e-02
3.324462e+00	1.424505e-01	9.898019e-01	2.889210e-12	-2.162166e-12	7.500000e-01	-1.642045e-01	-9.869845e-02
3.336595e+00	1.485430e-01	9.889060e-01	2.902470e-12	-2.144333e-12	7.500000e-01	-1.654455e-01	-1.028265e-01
3.348728e+00	1.546292e-01	9.879726e-01	2.915619e-12	-2.126422e-12	7.500000e-01	-1.667371e-01	-1.069386e-01
3.360861e+00	1.607088e-01	9.870019e-01	2.928655e-12	-2.108432e-12	7.500000e-01	-1.680791e-01	-1.110339e-01
3.372994e+00	1.667817e-01	9.859939e-01	2.941579e-12	-2.090364e-12	7.500000e-01	-1.694713e-01	-1.151120e-01
3.385127e+00	1.728476e-01	9.849486e-01	2.954391e-12	-2.072218e-12	7.500000e-01	-1.709134e-01	-1.191722e-01
3.397260e+00	1.789062e-01	9.838661e-01	2.967089e-12	-2.053996e-12	7.500000e-01	-1.724052e-01	-1.232138e-01
3.409393e+00	1.849574e-01	9.827465e-01	2.979673e-12	-2.035699e-12	7.500000e-01	-1.739465e-01	-1.272364e-01
3.421526e+00	1.910010e-01	9.815898e-01	2.992143e-12	-2.017326e-12	7.500000e-01	-1.755370e-01	-1.312392e-01
3.433659e+00	1.970367e-01	9.803961e-01	3.004498e-12	-1.998879e-12	7.500000e-01	-1.771764e-01	-1.352218e-01
3.445793e+00	2.030642e-01	9.791654e-01	3.016739e-12	-1.980358e-12	7.500000e-01	-1.788645e-01	-1.391834e-01
3.457926e+00	2.090834e-01	9.778978e-01	3.028863e-12	-1.961765e-12	7.500000e-01	-1.806011e-01	-1.431235e-01
3.470059e+00	2.150940e-01	9.765934e-01	3.040872e-12	-1.943099e-12	7.500000e-01	-1.823858e-01	-1.470415e-01
3.482192e+00	2.210958e-01	9.752521e-01	3.052765e-12	-1.924362e-12	7.500000e-01	-1.842183e-01	-1.509369e-01
3.494325e+00	2.270886e-01	9.738741e-01	3.064540e-12	-1.905554e-12	7.500000e-01	-1.860985e-01	-1.548090e-01
3.506458e+00	2.330721e-01	9.724594e-01	3.076199e-12	-1.886676e-12	7.500000e-01	-1.880258e-01	-1.586572e-01
3.518591e+00	2.390462e-01	9.710082e-01	3.087740e-12	-1.867729e-12	7.500000e-01	-1.900002e-01	-1.624811e-01
3.530724e+00	2.450106e-01	9.695204e-01	3.099163e-12	-1.848714e-12	7.500000e-01	-1.920211e-01	-1.662799e-01
3.542857e+00	2.509651e-01	9.679961e-01	3.110468e-12	-1.829631e-12	7.500000e-01	-1.940884e-01	-1.700533e-01
3.554990e+00	2.569094e-01	9.664355e-01	3.121654e-12	-1.810480e-12	7.500000e-01	-1.962017e-01	-1.738005e-01
3.567123e+00	2.628434e-01	9.648385e-01	3.132721e-12	-1.791264e-12	7.500000e-01	-1.983607e-01	-1.775210e-01
3.579256e+00	2.687668e-01	9.632053e-01	3.143668e-12	-1.771982e-12	7.500000e-01	-2.005649e-01	-1.812143e-01
3.591389e+00	2.746794e-01	9.615359e-01	3.154496e-12	-1.752635e-12	7.500000e-01	-2.028141e-01	-1.848799e-01
3.603523e+00	2.805810e-01	9.598303e-01	3.165203e-12	-1.733224e-12	7.500000e-01	-2.051080e-01	-1.885171e-01
3.615656e+00	2.864714e-01	9.580888e-01	3.175790e-12	-1.713750e-12	7.500000e-01	-2.074461e-01	-1.921255e-01
3.627789e+00	2.923503e-01	9.563113e-01	3.186255e-12	-1.694213e-12	7.500000e-01	-2.098281e-01	-1.957045e-01
3.639922e+00	2.982175e-01	9.544979e-01	3.196600e-12	-1.674615e-12	7.500000e-01	-2.122536e-01	-1.992536e-01
3.652055e+00	3.040728e-01	9.526488e-01	3.206823e-12	-1.654955e-12	7.500000e-01	-2.147222e-01	-2.027722e-01
3.664188e+00	3.099161e-01	9.507639e-01	3.216923e-12	-1.635236e-12	7.500000e-01	-2.172336e-01	-2.062599e-01
3.676321e+00	3.157470e-01	9.488434e-01	3.226902e-12	-1.615457e-12	7.500000e-01	-2.197873e-01	-2.097161e-01
3.688454e+00	3.215654e-01	9.468874e-01	3.236757e-12	-1.595619e-12	7.500000e-01	-2.223830e-01	-2.131403e-01
3.700587e+00	3.273710e-01	9.448959e-01	3.246490e-12	-1.575723e-12	7.500000e-01	-2.250202e-01	-2.165321e-01
3.712720e+00	3.331637e-01	9.428690e-01	3.256099e-12	-1.555770e-12	7.500000e-01	-2.276986e-01	-2.198908e-01
3.724853e+00	3.389431e-01	9.408069e-01	3.265585e-12	-1.535761e-12	7.500000e-01	-2.304177e-01	-2.232160e-01
3.736986e+00	3.447092e-01	9.387095e-01	3.274947e-12	-1.515696e-12	7.500000e-01	-2.331771e-01	-2.265073e-01
3.749119e+00	3.504617e-01	9.365771e-01	3.284184e-12	-1.495576e-12	7.500000e-01	-2.359764e-01	-2.297641e-01
3.761252e+00	3.562003e-01	9.344096e-01	3.293297e-12	-1.475402e-12	7.500000e-01	-2.388151e-01	-2.329859e-01
3.773386e+00	3.619250e-01	9.322072e-01	3.302284e-12	-1.455175e-12	7.500000e-01	-2.416928e-01	-2.361723e-01
3.785519e+00	3.676353e-01	9.299700e-01	3.311147e-12	-1.434896e-12	7.500000e-01	-2.446090e-01	-2.393229e-01
3.797652e+00	3.733313e-01	9.276981e-01	3.319884e-12	-1.414564e-12	7.500000e-01	-2.475634e-01	-2.424371e-01
3.809785e+00	3.790125e-01	9.253915e-01	3.328496e-12	-1.394182e-12	7.500000e-01	-2.505554e-01	-2.455145e-01
3.821918e+00	3.846789e-01	9.230504e-01	3.336981e-12	-1.373749e-12	7.500000e-01	-2.535845e-01	-2.485546e-01
3.834051e+00	3.903303e-01	9.206749e-01	3.345340e-12	-1.353267e-12	7.500000e-01	-2.566504e-01	-2.515571e-01
3.846184e+00	3.959663e-01	9.182650e-01	3.353572e-12	-1.332737e-12	7.500000e-01	-2.597525e-01	-2.545214e-01
3.858317e+00	4.015868e-01	9.158209e-01	3.361678e-12	-1.312158e-12	7.500000e-01	-2.628904e-01	-2.574472e-01
3.870450e+00	4.071917e-01	9.133427e-01	3.369656e-12	-1.291533e-12	7.500000e-01	-2.660636e-01	-2.603339e-01
3.882583e+00	4.127806e-01	9.108305e-01	3.377507e-12	-1.270861e-12	7.500000e-01	-2.692715e-01	-2.631812e-01
3.894716e+00	4.183535e-01	9.082843e-01	3.385230e-12	-1.250144e-12	7.500000e-01	-2.725137e-01	-2.659887e-01
3.906849e+00	4.239100e-01	9.057043e-01	3.392826e-12	-1.229383e-12	7.500000e-01	-2.757898e-01	-2.687560e-01
3.918982e+00	4.294500e-01	9.030906e-01	3.400293e-12	-1.208577e-12	7.500000e-01	-2.790991e-01	-2.714826e-01
3.931115e+00	4.349733e-01	9.004433e-01	3.407632e-12	-1.187728e-12	7.500000e-01	-2.824412e-01	-2.741682e-01
3.943249e+00	4.404797e-01	8.977626e-01	3.414842e-12	-1.166837e-12	7.500000e-01	-2.858156e-01	-2.768123e-01
3.955382e+00	4.459689e-01	8.950484e-01	3.421923e-12	-1.145905e-12	7.500000e-01	-2.892218e-01	-2.794147e-01
3.967515e+00	4.514409e-01	8.923010e-01	3.428875e-12	-1.124932e-12	7.500000e-01	-2.926592e-01	-2.819748e-01
3.979648e+00	4.568953e-01	8.895205e-01	3.435698e-12	-1.103919e-12	7.500000e-01	-2.961273e-01	-2.844924e-01
3.991781e+00	4.623320e-01	8.867069e-01	3.442392e-12	-1.082867e-12	7.500000e-01	-2.996256e-01	-2.869671e-01
4.003914e+00	4.677508e-01	8.838604e-01	3.448956e-12	-1.061777e-12	7.500000e-01	-3.031535e-01	-2.893985e-01
4.016047e+00	4.731514e-01	8.809811e-01	3.455390e-12	-1.040649e-12	7.500000e-01	-3.067106e-01	-2.917862e-01
4.028180e+00	4.785338e-01	8.780691e-01	3.461693e-12	-1.019484e-12	7.500000e-01	-3.102962e-01	-2.941300e-01
4.040313e+00	4.838977e-01	8.751246e-01	3.467867e-12	-9.982842e-13	7.500000e-01	-3.139099e-01	-2.964295e-01
4.052446e+00	4.892428e-01	8.721476e-01	3.473910e-12	-9.770488e-13	7.500000e-01	-3.175510e-01	-2.986844e-01
4.064579e+00	4.945691e-01	8.691383e-01	3.479822e-12	-9.557792e-13	7.500000e-01	-3.212190e-01	-3.008943e-01
4.076712e+00	4.998762e-01	8.660968e-01	3.485604e-12	-9.344761e-13	7.500000e-01	-3.249134e-01	-3.030589e-01
4.088845e+00	5.051641e-01	8.630233e-01	3.491254e-12	-9.131404e-13	7.500000e-01	-3.286336e-01	-3.051779e-01
4.100978e+00	5.104326e-01	8.599178e-01	3.496773e-12	-8.917728e-13	7.500000e-01	-3.323790e-01	-3.072510e-01
4.113112e+00	5.156813e-01	8.567805e-01	3.502161e-12	-8.703743e-13	7.500000e-01	-3.361491e-01	-3.092780e-01
4.125245e+00	5.209102e-01	8.536115e-01	3.507417e-12	-8.489455e-13	7.500000e-01	-3.399432e-01	-3.112585e-01
4.137378e+00	5.261191e-01	8.504109e-01	3.512542e-12	-8.274873e-13	7.500000e-01	-3.437609e-01	-3.131922e-01
4.149511e+00	5.313078e-01	8.471789e-01	3.517535e-12	-8.060006e-13	7.500000e-01	-3.476016e-01	-3.150789e-01
4.161644e+00	5.364760e-01	8.439156e-01	3.522396e-12	-7.844861e-13	7.500000e-01	-3.514645e-01	-3.169183e-01
4.173777e+00	5.416236e-01	8.406211e-01	3.527124e-12	-7.629446e-13	7.500000e-01	-3.553493e-01	-3.187102e-01
4.185910e+00	5.467505e-01	8.372956e-01	3.531721e-12	-7.413769e-13	7.500000e-01	-3.592552e-01	-3.204542e-01
4.198043e+00	5.518563e-01	8.339392e-01	3.536185e-12	-7.197840e-13	7.500000e-01	-3.631818e-01	-3.221502e-01
4.210176e+00	5.569410e-01	8.305520e-01	3.540517e-12	-6.981665e-13	7.500000e-01	-3.671283e-01	-3.237980e-01
4.222309e+00	5.620044e-01	8.271342e-01	3.544716e-12	-6.765253e-13	7.500000e-01	-3.710943e-01	-3.253972e-01
4.234442e+00	5.670463e-01	8.236859e-01	3.548782e-12	-6.548612e-13	7.500000e-01	-3.750790e-01	-3.269476e-01
4.246575e+00	5.720664e-01	8.202073e-01	3.552716e-12	-6.331750e-13	7.500000e-01	-3.790820e-01	-3.284491e-01
4.258708e+00	5.770647e-01	8.166984e-01	3.556516e-12	-6.114676e-13	7.500000e-01	-3.831026e-01	-3.299015e-01
4.270841e+00	5.820409e-01	8.131595e-01	3.560184e-12	-5.897397e-13	7.500000e-01	-3.871401e-01	-3.313045e-01
4.282975e+00	5.869949e-01	8.095907e-01	3.563718e-12	-5.679922e-13	7.500000e-01	-3.911941e-01	-3.326579e-01
4.295108e+00	5.919264e-01	8.059920e-01	3.567120e-12	-5.462259e-13	7.500000e-01	-3.952638e-01	-3.339616e-01
4.307241e+00	5.968354e-01	8.023637e-01	3.570388e-12	-5.244416e-13	7.500000e-01	-3.993487e-01	-3.352153e-01
4.319374e+00	6.017216e-01	7.987059e-01	3.573522e-12	-5.026401e-13	7.500000e-01	-4.034482e-01	-3.364190e-01
4.331507e+00	6.065848e-01	7.950188e-01	3.576523e-12	-4.808223e-13	7.500000e-01	-4.075616e-01	-3.375724e-01
4.343640e+00	6.114249e-01	7.913024e-01	3.579391e-12	-4.589889e-13	7.500000e-01	-4.116883e-01	-3.386754e-01
4.355773e+00	6.162418e-01	7.875570e-01	3.582125e-12	-4.371409e-13	7.500000e-01	-4.158278e-01	-3.397279e-01
4.367906e+00	6.210352e-01	7.837827e-01	3.584725e-12	-4.152789e-13	7.500000e-01	-4.199793e-01	-3.407296e-01
4.380039e+00	6.258049e-01	7.799796e-01	3.587192e-12	-3.934038e-13	7.500000e-01	-4.241423e-01	-3.416806e-01
4.392172e+00	6.305509e-01	7.761479e-01	3.589525e-12	-3.715165e-13	7.500000e-01	-4.283161e-01	-3.425805e-01
4.404305e+00	6.352728e-01	7.722878e-01	3.591724e-12	-3.496177e-13	7.500000e-01	-4.325001e-01	-3.434294e-01
4.416438e+00	6.399707e-01	7.683993e-01	3.593789e-12	-3.277082e-13	7.500000e-01	-4.366937e-01	-3.442271e-01
4.428571e+00	6.446442e-01	7.644827e-01	3.595721e-12	-3.057890e-13	7.500000e-01	-4.408963e-01	-3.449736e-01
4.440705e+00	6.492933e-01	7.605381e-01	3.597518e-12	-2.838608e-13	7.500000e-01	-4.451072e-01	-3.456686e-01
4.452838e+00	6.539177e-01	7.565657e-01	3.599182e-12	-2.619244e-13	7.500000e-01	-4.493258e-01	-3.463122e-01
4.464971e+00	6.585173e-01	7.525656e-01	3.600712e-12	-2.399806e-13	7.500000e-01	-4.535515e-01	-3.469042e-01
4.477104e+00	6.630920e-01	7.485379e-01	3.602108e-12	-2.180303e-13	7.500000e-01	-4.577837e-01	-3.474446e-01
4.489237e+00	6.676415e-01	7.444829e-01	3.603370e-12	-1.960743e-13	7.500000e-01	-4.620216e-01	-3.479334e-01
4.501370e+00	6.721658e-01	7.404007e-01	3.604498e-12	-1.741134e-13	7.500000e-01	-4.662648e-01	-3.483704e-01
4.513503e+00	6.766646e-01	7.362914e-01	3.605492e-12	-1.521483e-13	7.500000e-01	-4.705125e-01	-3.487556e-01
4.525636e+00	6.811378e-01	7.321553e-01	3.606352e-12	-1.301800e-13	7.500000e-01	-4.747641e-01	-3.490890e-01
4.537769e+00	6.855852e-01	7.279924e-01	3.607078e-12	-1.082093e-13	7.500000e-01	-4.790190e-01	-3.493706e-01
4.549902e+00	6.900067e-01	7.238029e-01	3.607670e-12	-8.623691e-14	7.500000e-01	-4.832765e-01	-3.496002e-01
4.562035e+00	6.944022e-01	7.195871e-01	3.608128e-12	-6.426370e-14	7.500000e-01	-4.875361e-01	-3.497780e-01
4.574168e+00	6.987714e-01	7.153450e-01	3.608453e-12	-4.229047e-14	7.500000e-01	-4.917970e-01	-3.499039e-01
4.586301e+00	7.031143e-01	7.110769e-01	3.608643e-12	-2.031806e-14	7.500000e-01	-4.960588e-01	-3.499778e-01
4.598434e+00	7.074306e-01	7.067829e-01	3.608700e-12	1.652742e-15	7.500000e-01	-5.003206e-01	-3.499999e-01
4.610568e+00	7.117202e-01	7.024631e-01	3.608623e-12	2.362111e-14	7.500000e-01	-5.045819e-01	-3.499700e-01
4.622701e+00	7.159830e-01	6.981178e-01	3.608413e-12	4.558622e-14	7.500000e-01	-5.088421e-01	-3.498883e-01
4.634834e+00	7.202188e-01	6.937470e-01	3.608068e-12	6.754728e-14	7.500000e-01	-5.131005e-01	-3.497547e-01
4.646967e+00	7.244274e-01	6.893511e-01	3.607590e-12	8.950347e-14	7.500000e-01	-5.173566e-01	-3.495694e-01
4.659100e+00	7.286088e-01	6.849301e-01	3.606979e-12	1.114540e-13	7.500000e-01	-5.216096e-01	-3.493323e-01
4.671233e+00	7.327628e-01	6.804842e-01	3.606234e-12	1.333980e-13	7.500000e-01	-5.258589e-01	-3.490434e-01
4.683366e+00	7.368892e-01	6.760136e-01	3.605356e-12	1.553347e-13	7.500000e-01	-5.301039e-01	-3.487030e-01
4.695499e+00	7.409878e-01	6.715185e-01	3.604344e-12	1.772633e-13	7.500000e-01	-5.343441e-01	-3.483109e-01
4.707632e+00	7.450586e-01	6.669990e-01	3.603199e-12	1.991830e-13	7.500000e-01	-5.385787e-01	-3.478673e-01
4.719765e+00	7.491015e-01	6.624553e-01	3.601921e-12	2.210929e-13	7.500000e-01	-5.428071e-01	-3.473724e-01
4.731898e+00	7.531161e-01	6.578876e-01	3.600510e-12	2.429923e-13	7.500000e-01	-5.470287e-01	-3.468260e-01
4.744031e+00	7.571025e-01	6.532961e-01	3.598966e-12	2.648804e-13	7.500000e-01	-5.512430e-01	-3.462285e-01
4.756164e+00	7.610605e-01	6.486809e-01	3.597289e-12	2.867563e-13	7.500000e-01	-5.554492e-01	-3.455798e-01
4.768297e+00	7.649899e-01	6.440422e-01	3.595479e-12	3.086192e-13	7.500000e-01	-5.596467e-01	-3.448801e-01
4.780431e+00	7.688907e-01	6.393803e-01	3.593537e-12	3.304684e-13	7.500000e-01	-5.638350e-01	-3.441295e-01
4.792564e+00	7.727626e-01	6.346952e-01	3.591462e-12	3.523031e-13	7.500000e-01	-5.680134e-01	-3.433281e-01
4.804697e+00	7.766055e-01	6.299872e-01	3.589254e-12	3.741223e-13	7.500000e-01	-5.721813e-01	-3.424761e-01
4.816830e+00	7.804194e-01	6.252564e-01	3.586914e-12	3.959254e-13	7.500000e-01	-5.763381e-01	-3.415736e-01
4.828963e+00	7.842040e-01	6.205031e-01	3.584442e-12	4.177116e-13	7.500000e-01	-5.804831e-01	-3.406207e-01
4.841096e+00	7.879593e-01	6.157273e-01	3.581839e-12	4.394800e-13	7.500000e-01	-5.846159e-01	-3.396177e-01
4.853229e+00	7.916851e-01	6.109294e-01	3.579103e-12	4.612298e-13	7.500000e-01	-5.887357e-01	-3.385646e-01
4.865362e+00	7.953813e-01	6.061094e-01	3.576235e-12	4.829603e-13	7.500000e-01	-5.928420e-01	-3.374617e-01
4.877495e+00	7.990477e-01	6.012676e-01	3.573236e-12	5.046706e-13	7.500000e-01	-5.969341e-01	-3.363091e-01
4.889628e+00	8.026843e-01	5.964041e-01	3.570105e-12	5.263600e-13	7.500000e-01	-6.010115e-01	-3.351070e-01
4.901761e+00	8.062909e-01	5.915192e-01	3.566843e-12	5.480276e-13	7.500000e-01	-6.050735e-01	-3.338556e-01
4.913894e+00	8.098674e-01	5.866130e-01	3.563450e-12	5.696728e-13	7.500000e-01	-6.091196e-01	-3.325551e-01
4.926027e+00	8.134137e-01	5.816857e-01	3.559926e-12	5.912946e-13	7.500000e-01	-6.131492e-01	-3.312058e-01
4.938160e+00	8.169296e-01	5.767375e-01	3.556271e-12	6.128922e-13	7.500000e-01	-6.171617e-01	-3.298077e-01
4.950294e+00	8.204150e-01	5.717685e-01	3.552486e-12	6.344650e-13	7.500000e-01	-6.211565e-01	-3.283612e-01
4.962427e+00	8.238698e-01	5.667791e-01	3.548570e-12	6.560121e-13	7.500000e-01	-6.251330e-01	-3.268665e-01
4.974560e+00	8.272939e-01	5.617693e-01	3.544523e-12	6.775328e-13	7.500000e-01	-6.290907e-01	-3.253238e-01
4.986693e+00	8.306873e-01	5.567393e-01	3.540347e-12	6.990261e-13	7.500000e-01	-6.330289e-01	-3.237334e-01
4.998826e+00	8.340496e-01	5.516894e-01	3.536041e-12	7.204915e-13	7.500000e-01	-6.369471e-01	-3.220955e-01
5.010959e+00	8.373809e-01	5.466198e-01	3.531605e-12	7.419280e-13	7.500000e-01	-6.408448e-01	-3.204103e-01
5.023092e+00	8.406811e-01	5.415306e-01	3.527040e-12	7.633350e-13	7.500000e-01	-6.447213e-01	-3.186781e-01
5.035225e+00	8.439499e-01	5.364220e-01	3.522345e-12	7.847115e-13	7.500000e-01	-6.485760e-01	-3.168993e-01
5.047358e+00	8.471874e-01	5.312942e-01	3.517522e-12	8.060569e-13	7.500000e-01	-6.524085e-01	-3.150740e-01
5.059491e+00	8.503934e-01	5.261474e-01	3.512570e-12	8.273704e-13	7.500000e-01	-6.562182e-01	-3.132026e-01
5.071624e+00	8.535677e-01	5.209819e-01	3.507489e-12	8.486512e-13	7.500000e-01	-6.600045e-01	-3.112853e-01
5.083757e+00	8.567104e-01	5.157977e-01	3.502279e-12	8.698985e-13	7.500000e-01	-6.637669e-01	-3.093225e-01
5.095890e+00	8.598212e-01	5.105952e-01	3.496942e-12	8.911116e-13	7.500000e-01	-6.675048e-01	-3.073144e-01
5.108023e+00	8.629002e-01	5.053744e-01	3.491476e-12	9.122897e-13	7.500000e-01	-6.712177e-01	-3.052614e-01
5.120157e+00	8.659471e-01	5.001357e-01	3.485883e-12	9.334320e-13	7.500000e-01	-6.749050e-01	-3.031637e-01
5.132290e+00	8.689618e-01	4.948791e-01	3.480163e-12	9.545377e-13	7.500000e-01	-6.785663e-01	-3.010217e-01
5.144423e+00	8.719444e-01	4.896049e-01	3.474315e-12	9.756062e-13	7.500000e-01	-6.822009e-01	-2.988358e-01
5.156556e+00	8.748946e-01	4.843134e-01	3.468341e-12	9.966366e-13	7.500000e-01	-6.858084e-01	-2.966062e-01
5.168689e+00	8.778124e-01	4.790046e-01	3.462240e-12	1.017628e-12	7.500000e-01	-6.893882e-01	-2.943333e-01
5.180822e+00	8.806977e-01	4.736788e-01	3.456012e-12	1.038580e-12	7.500000e-01	-6.929399e-01	-2.920175e-01
5.192955e+00	8.835504e-01	4.683362e-01	3.449658e-12	1.059492e-12	7.500000e-01	-6.964629e-01	-2.896590e-01
5.205088e+00	8.863703e-01	4.629770e-01	3.443179e-12	1.080362e-12	7.500000e-01	-6.999566e-01	-2.872583e-01
5.217221e+00	8.891575e-01	4.576014e-01	3.436574e-12	1.101191e-12	7.500000e-01	-7.034207e-01	-2.848158e-01
5.229354e+00	8.919117e-01	4.522096e-01	3.429843e-12	1.121977e-12	7.500000e-01	-7.068546e-01	-2.823317e-01
5.241487e+00	8.946330e-01	4.468018e-01	3.422988e-12	1.142720e-12	7.500000e-01	-7.102577e-01	-2.798065e-01
5.253620e+00	8.973212e-01	4.413781e-01	3.416008e-12	1.163419e-12	7.500000e-01	-7.136297e-01	-2.772406e-01
5.265753e+00	8.999762e-01	4.359390e-01	3.408904e-12	1.184073e-12	7.500000e-01	-7.169701e-01	-2.746343e-01
5.277886e+00	9.025980e-01	4.304844e-01	3.401675e-12	1.204681e-12	7.500000e-01	-7.202782e-01	-2.719880e-01
5.290020e+00	9.051865e-01	4.250146e-01	3.394323e-12	1.225243e-12	7.500000e-01	-7.235538e-01	-2.693022e-01
5.302153e+00	9.077415e-01	4.195299e-01	3.386847e-12	1.245758e-12	7.500000e-01	-7.267963e-01	-2.665773e-01
5.314286e+00	9.102631e-01	4.140304e-01	3.379248e-12	1.266225e-12	7.500000e-01	-7.300052e-01	-2.638136e-01
5.326419e+00	9.127510e-01	4.085163e-01	3.371526e-12	1.286643e-12	7.500000e-01	-7.331801e-01	-2.610116e-01
5.338552e+00	9.152053e-01	4.029878e-01	3.363682e-12	1.307013e-12	7.500000e-01	-7.363206e-01	-2.581716e-01
5.350685e+00	9.176259e-01	3.974452e-01	3.355715e-12	1.327332e-12	7.500000e-01	-7.394261e-01	-2.552942e-01
5.362818e+00	9.200126e-01	3.918887e-01	3.347627e-12	1.347601e-12	7.500000e-01	-7.424963e-01	-2.523798e-01
5.374951e+00	9.223655e-01	3.863184e-01	3.339417e-12	1.367818e-12	7.500000e-01	-7.455306e-01	-2.494288e-01
5.387084e+00	9.246843e-01	3.807346e-01	3.331085e-12	1.387983e-12	7.500000e-01	-7.485288e-01	-2.464415e-01
5.399217e+00	9.269692e-01	3.751375e-01	3.322633e-12	1.408095e-12	7.500000e-01	-7.514903e-01	-2.434186e-01
5.411350e+00	9.292199e-01	3.695273e-01	3.314061e-12	1.428154e-12	7.500000e-01	-7.544147e-01	-2.403605e-01
5.423483e+00	9.314364e-01	3.639041e-01	3.305368e-12	1.448158e-12	7.500000e-01	-7.573017e-01	-2.372675e-01
5.435616e+00	9.336187e-01	3.582683e-01	3.296555e-12	1.468107e-12	7.500000e-01	-7.601507e-01	-2.341402e-01
5.447750e+00	9.357666e-01	3.526200e-01	3.287623e-12	1.488001e-12	7.500000e-01	-7.629614e-01	-2.309790e-01
5.459883e+00	9.378802e-01	3.469594e-01	3.278572e-12	1.507838e-12	7.500000e-01	-7.657334e-01	-2.277844e-01
5.472016e+00	9.399592e-01	3.412867e-01	3.269402e-12	1.527618e-12	7.500000e-01	-7.684664e-01	-2.245569e-01
5.484149e+00	9.420038e-01	3.356022e-01	3.260114e-12	1.547340e-12	7.500000e-01	-7.711598e-01	-2.212970e-01
5.496282e+00	9.440138e-01	3.299061e-01	3.250708e-12	1.567004e-12	7.500000e-01	-7.738134e-01	-2.180051e-01
5.508415e+00	9.459891e-01	3.241985e-01	3.241184e-12	1.586608e-12	7.500000e-01	-7.764267e-01	-2.146818e-01
5.520548e+00	9.479297e-01	3.184797e-01	3.231543e-12	1.606152e-12	7.500000e-01	-7.789995e-01	-2.113274e-01
5.532681e+00	9.498355e-01	3.127499e-01	3.221785e-12	1.625636e-12	7.500000e-01	-7.815313e-01	-2.079427e-01
5.544814e+00	9.517065e-01	3.070093e-01	3.211911e-12	1.645058e-12	7.500000e-01	-7.840217e-01	-2.045279e-01
5.556947e+00	9.535426e-01	3.012581e-01	3.201921e-12	1.664418e-12	7.500000e-01	-7.864705e-01	-2.010837e-01
5.569080e+00	9.553438e-01	2.954966e-01	3.191815e-12	1.683716e-12	7.500000e-01	-7.888772e-01	-1.976106e-01
5.581213e+00	9.571100e-01	2.897249e-01	3.181594e-12	1.702950e-12	7.500000e-01	-7.912417e-01	-1.941090e-01
5.593346e+00	9.588411e-01	2.839432e-01	3.171258e-12	1.722120e-12	7.500000e-01	-7.935634e-01	-1.905795e-01
5.605479e+00	9.605371e-01	2.781518e-01	3.160808e-12	1.741226e-12	7.500000e-01	-7.958421e-01	-1.870226e-01
5.617613e+00	9.621980e-01	2.723510e-01	3.150244e-12	1.760266e-12	7.500000e-01	-7.980775e-01	-1.834389e-01
5.629746e+00	9.638236e-01	2.665408e-01	3.139566e-12	1.779239e-12	7.500000e-01	-8.002692e-01	-1.798288e-01
5.641879e+00	9.654141e-01	2.607215e-01	3.128775e-12	1.798147e-12	7.500000e-01	-8.024170e-01	-1.761929e-01
5.654012e+00	9.669692e-01	2.548934e-01	3.117871e-12	1.816986e-12	7.500000e-01	-8.045206e-01	-1.725318e-01
5.666145e+00	9.684889e-01	2.490566e-01	3.106855e-12	1.835758e-12	7.500000e-01	-8.065796e-01	-1.688460e-01
5.678278e+00	9.699733e-01	2.432114e-01	3.095728e-12	1.854461e-12	7.500000e-01	-8.085938e-01	-1.651360e-01
5.690411e+00	9.714223e-01	2.373579e-01	3.084489e-12	1.873094e-12	7.500000e-01	-8.105629e-01	-1.614023e-01
5.702544e+00	9.728358e-01	2.314964e-01	3.073139e-12	1.891657e-12	7.500000e-01	-8.124866e-01	-1.576456e-01
5.714677e+00	9.742137e-01	2.256272e-01	3.061678e-12	1.910150e-12	7.500000e-01	-8.143647e-01	-1.538664e-01
5.726810e+00	9.755561e-01	2.197503e-01	3.050107e-12	1.928571e-12	7.500000e-01	-8.161969e-01	-1.500652e-01
5.738943e+00	9.768630e-01	2.138661e-01	3.038427e-12	1.946920e-12	7.500000e-01	-8.179829e-01	-1.462425e-01
5.751076e+00	9.781342e-01	2.079748e-01	3.026638e-12	1.965197e-12	7.500000e-01	-8.197225e-01	-1.423991e-01
5.763209e+00	9.793697e-01	2.020765e-01	3.014740e-12	1.983400e-12	7.500000e-01	-8.214156e-01	-1.385353e-01
5.775342e+00	9.805696e-01	1.961715e-01	3.002733e-12	2.001529e-12	7.500000e-01	-8.230617e-01	-1.346519e-01
5.787476e+00	9.817337e-01	1.902600e-01	2.990619e-12	2.019584e-12	7.500000e-01	-8.246608e-01	-1.307493e-01
5.799609e+00	9.828621e-01	1.843423e-01	2.978398e-12	2.037563e-12	7.500000e-01	-8.262126e-01	-1.268281e-01
5.811742e+00	9.839547e-01	1.784184e-01	2.966070e-12	2.055467e-12	7.500000e-01	-8.277168e-01	-1.228890e-01
5.823875e+00	9.850115e-01	1.724887e-01	2.953636e-12	2.073294e-12	7.500000e-01	-8.291733e-01	-1.189324e-01
5.836008e+00	9.860324e-01	1.665534e-01	2.941096e-12	2.091044e-12	7.500000e-01	-8.305820e-01	-1.149590e-01
5.848141e+00	9.870175e-01	1.606127e-01	2.928450e-12	2.108717e-12	7.500000e-01	-8.319425e-01	-1.109693e-01
5.860274e+00	9.879667e-01	1.546668e-01	2.915700e-12	2.126311e-12	7.500000e-01	-8.332547e-01	-1.069640e-01
5.872407e+00	9.888800e-01	1.487159e-01	2.902845e-12	2.143826e-12	7.500000e-01	-8.345185e-01	-1.029435e-01
5.884540e+00	9.897573e-01	1.427602e-01	2.889886e-12	2.161262e-12	7.500000e-01	-8.357337e-01	-9.890860e-02
5.896673e+00	9.905987e-01	1.368000e-01	2.876825e-12	2.178617e-12	7.500000e-01	-8.369000e-01	-9.485976e-02
5.908806e+00	9.914041e-01	1.308355e-01	2.863660e-12	2.195892e-12	7.500000e-01	-8.380174e-01	-9.079761e-02
5.920939e+00	9.921735e-01	1.248669e-01	2.850393e-12	2.213085e-12	7.500000e-01	-8.390858e-01	-8.672273e-02
5.933072e+00	9.929069e-01	1.188943e-01	2.837024e-12	2.230196e-12	7.500000e-01	-8.401049e-01	-8.263572e-02
5.945205e+00	9.936043e-01	1.129181e-01	2.823554e-12	2.247225e-12	7.500000e-01	-8.410746e-01	-7.853717e-02
5.957339e+00	9.942656e-01	1.069385e-01	2.809983e-12	2.264171e-12	7.500000e-01	-8.419949e-01	-7.442768e-02
5.969472e+00	9.948909e-01	1.009556e-01	2.796312e-12	2.281033e-12	7.500000e-01	-8.428656e-01	-7.030786e-02
5.981605e+00	9.954802e-01	9.496966e-02	2.782541e-12	2.297810e-12	7.500000e-01	-8.436865e-01	-6.617829e-02
5.993738e+00	9.960333e-01	8.898093e-02	2.768671e-12	2.314503e-12	7.500000e-01	-8.444577e-01	-6.203958e-02
6.005871e+00	9.965504e-01	8.298962e-02	2.754702e-12	2.331111e-12	7.500000e-01	-8.451789e-01	-5.789234e-02
6.018004e+00	9.970314e-01	7.699594e-02	2.740635e-12	2.347632e-12	7.500000e-01	-8.458501e-01	-5.373716e-02
6.030137e+00	9.974763e-01	7.100010e-02	2.726470e-12	2.364067e-12	7.500000e-01	-8.464713e-01	-4.957464e-02
6.042270e+00	9.978851e-01	6.500233e-02	2.712209e-12	2.380414e-12	7.500000e-01	-8.470423e-01	-4.540540e-02
6.054403e+00	9.982578e-01	5.900284e-02	2.697851e-12	2.396674e-12	7.500000e-01	-8.475631e-01	-4.123003e-02
6.066536e+00	9.985944e-01	5.300185e-02	2.683397e-12	2.412845e-12	7.500000e-01	-8.480336e-01	-3.704915e-02
6.078669e+00	9.988949e-01	4.699958e-02	2.668847e-12	2.428928e-12	7.500000e-01	-8.484537e-01	-3.286335e-02
6.090802e+00	9.991593e-01	4.099624e-02	2.654203e-12	2.444921e-12	7.500000e-01	-8.488235e-01	-2.867324e-02
6.102935e+00	9.993876e-01	3.499206e-02	2.639464e-12	2.460824e-12	7.500000e-01	-8.491429e-01	-2.447944e-02
6.115068e+00	9.995798e-01	2.898724e-02	2.624632e-12	2.476637e-12	7.500000e-01	-8.494118e-01	-2.028254e-02
6.127202e+00	9.997359e-01	2.298201e-02	2.609707e-12	2.492359e-12	7.500000e-01	-8.496303e-01	-1.608315e-02
6.139335e+00	9.998559e-01	1.697657e-02	2.594689e-12	2.507989e-12	7.500000e-01	-8.497983e-01	-1.188189e-02
6.151468e+00	9.999398e-01	1.097116e-02	2.579579e-12	2.523527e-12	7.500000e-01	-8.499157e-01	-7.679352e-03
6.163601e+00	9.999877e-01	4.965986e-03	2.564377e-12	2.538972e-12	7.500000e-01	-8.499827e-01	-3.476147e-03
6.175734e+00	9.999995e-01	-1.038739e-03	2.549085e-12	2.554400e-12	7.500000e-01	-8.499992e-01	7.271168e-04
6.187867e+00	9.999752e-01	-7.042796e-03	2.533701e-12	2.569658e-12	7.500000e-01	-8.499653e-01	4.929835e-03
6.200000e+00	9.999149e-01	-1.304597e-02	2.518231e-12	2.584823e-12	7.500000e-01	-8.498809e-01	9.131401e-03


