"      test"

"Time      "	"part5_q00.Q"	"part5_q01.Q"	"part5_q02.Q"	"part5_q04.Q"	".PART_5.CM_Position.X"	".PART_5.CM_Position.Y"	".PART_5.CM_Position.Z"
0.000000e+00	1.000000e+00	0.000000e+00	0.000000e+00	1.608123e-16	8.000000e-01	4.500000e-01	2.170966e-16
1.213307e-02	9.999798e-01	6.492964e-14	-6.352712e-03	3.308398e-14	7.999718e-01	4.500000e-01	4.446809e-03
2.426614e-02	9.999193e-01	1.303751e-13	-1.270483e-02	6.683003e-14	7.998870e-01	4.500000e-01	8.892667e-03
3.639922e-02	9.998184e-01	1.962169e-13	-1.905586e-02	1.012340e-13	7.997458e-01	4.500000e-01	1.333668e-02
4.853229e-02	9.996772e-01	2.622800e-13	-2.540536e-02	1.298542e-13	7.995482e-01	4.500000e-01	1.777801e-02
6.066536e-02	9.994957e-01	3.286412e-13	-3.175310e-02	1.594586e-13	7.992942e-01	4.500000e-01	2.221596e-02
7.279843e-02	9.992740e-01	3.887141e-13	-3.809880e-02	1.945917e-13	7.989839e-01	4.500000e-01	2.664980e-02
8.493151e-02	9.990120e-01	4.491371e-13	-4.444223e-02	2.303655e-13	7.986174e-01	4.500000e-01	3.107882e-02
9.706458e-02	9.987097e-01	5.181689e-13	-5.078312e-02	2.593461e-13	7.981948e-01	4.500000e-01	3.550232e-02
1.091977e-01	9.983673e-01	5.874252e-13	-5.712122e-02	2.890734e-13	7.977160e-01	4.500000e-01	3.991957e-02
1.213307e-01	9.979846e-01	6.478255e-13	-6.345627e-02	3.190998e-13	7.971813e-01	4.500000e-01	4.432987e-02
1.334638e-01	9.975618e-01	7.088713e-13	-6.978803e-02	3.561772e-13	7.965907e-01	4.500000e-01	4.873251e-02
1.455969e-01	9.970990e-01	7.767161e-13	-7.611623e-02	3.885578e-13	7.959444e-01	4.500000e-01	5.312679e-02
1.577299e-01	9.965960e-01	8.447488e-13	-8.244063e-02	4.217764e-13	7.952425e-01	4.500000e-01	5.751200e-02
1.698630e-01	9.960530e-01	9.055995e-13	-8.876096e-02	4.550535e-13	7.944850e-01	4.500000e-01	6.188743e-02
1.819961e-01	9.954699e-01	9.666304e-13	-9.507698e-02	4.889377e-13	7.936723e-01	4.500000e-01	6.625239e-02
1.941292e-01	9.948469e-01	1.034636e-12	-1.013884e-01	5.174592e-13	7.928043e-01	4.500000e-01	7.060618e-02
2.062622e-01	9.941840e-01	1.102724e-12	-1.076951e-01	5.469160e-13	7.918812e-01	4.500000e-01	7.494811e-02
2.183953e-01	9.934811e-01	1.163312e-12	-1.139967e-01	5.819352e-13	7.909033e-01	4.500000e-01	7.927747e-02
2.305284e-01	9.927384e-01	1.224064e-12	-1.202929e-01	6.176511e-13	7.898707e-01	4.500000e-01	8.359357e-02
2.426614e-01	9.919559e-01	1.291773e-12	-1.265836e-01	6.461282e-13	7.887836e-01	4.500000e-01	8.789573e-02
2.547945e-01	9.911337e-01	1.359493e-12	-1.328684e-01	6.754129e-13	7.876422e-01	4.500000e-01	9.218327e-02
2.669276e-01	9.902717e-01	1.419999e-12	-1.391472e-01	7.102269e-13	7.864466e-01	4.500000e-01	9.645549e-02
2.790607e-01	9.893701e-01	1.480586e-12	-1.454197e-01	7.458281e-13	7.851972e-01	4.500000e-01	1.007117e-01
2.911937e-01	9.884288e-01	1.547953e-12	-1.516856e-01	7.743088e-13	7.838940e-01	4.500000e-01	1.049513e-01
3.033268e-01	9.874480e-01	1.615263e-12	-1.579446e-01	8.033595e-13	7.825374e-01	4.500000e-01	1.091735e-01
3.154599e-01	9.864276e-01	1.675646e-12	-1.641966e-01	8.381219e-13	7.811276e-01	4.500000e-01	1.133777e-01
3.275930e-01	9.853678e-01	1.736044e-12	-1.704413e-01	8.735415e-13	7.796648e-01	4.500000e-01	1.175632e-01
3.397260e-01	9.842686e-01	1.803005e-12	-1.766784e-01	9.017437e-13	7.781493e-01	4.500000e-01	1.217293e-01
3.518591e-01	9.831301e-01	1.869864e-12	-1.829077e-01	9.308258e-13	7.765813e-01	4.500000e-01	1.258754e-01
3.639922e-01	9.819523e-01	1.930083e-12	-1.891289e-01	9.653597e-13	7.749612e-01	4.500000e-01	1.300009e-01
3.761252e-01	9.807352e-01	1.990256e-12	-1.953419e-01	1.000421e-12	7.732891e-01	4.500000e-01	1.341050e-01
3.882583e-01	9.794790e-01	2.056826e-12	-2.015462e-01	1.028718e-12	7.715654e-01	4.500000e-01	1.381872e-01
4.003914e-01	9.781837e-01	2.123190e-12	-2.077418e-01	1.057766e-12	7.697903e-01	4.500000e-01	1.422467e-01
4.125245e-01	9.768494e-01	2.183188e-12	-2.139283e-01	1.091895e-12	7.679643e-01	4.500000e-01	1.462830e-01
4.246575e-01	9.754761e-01	2.243076e-12	-2.201056e-01	1.126641e-12	7.660875e-01	4.500000e-01	1.502954e-01
4.367906e-01	9.740639e-01	2.309196e-12	-2.262733e-01	1.154857e-12	7.641603e-01	4.500000e-01	1.542832e-01
4.489237e-01	9.726128e-01	2.375007e-12	-2.324312e-01	1.183912e-12	7.621830e-01	4.500000e-01	1.582459e-01
4.610568e-01	9.711231e-01	2.434781e-12	-2.385791e-01	1.217785e-12	7.601560e-01	4.500000e-01	1.621828e-01
4.731898e-01	9.695946e-01	2.494348e-12	-2.447167e-01	1.252146e-12	7.580796e-01	4.500000e-01	1.660932e-01
4.853229e-01	9.680276e-01	2.559947e-12	-2.508439e-01	1.280322e-12	7.559541e-01	4.500000e-01	1.699766e-01
4.974560e-01	9.664220e-01	2.625220e-12	-2.569603e-01	1.309313e-12	7.537800e-01	4.500000e-01	1.738324e-01
5.095890e-01	9.647779e-01	2.690107e-12	-2.630657e-01	1.339005e-12	7.515575e-01	4.500000e-01	1.776600e-01
5.217221e-01	9.630955e-01	2.746898e-12	-2.691598e-01	1.373773e-12	7.492871e-01	4.500000e-01	1.814586e-01
5.338552e-01	9.613748e-01	2.808975e-12	-2.752426e-01	1.404834e-12	7.469691e-01	4.500000e-01	1.852279e-01
5.459883e-01	9.596159e-01	2.870683e-12	-2.813136e-01	1.436569e-12	7.446039e-01	4.500000e-01	1.889671e-01
5.581213e-01	9.578189e-01	2.932002e-12	-2.873726e-01	1.469183e-12	7.421919e-01	4.500000e-01	1.926756e-01
5.702544e-01	9.559838e-01	2.991189e-12	-2.934195e-01	1.496617e-12	7.397335e-01	4.500000e-01	1.963530e-01
5.823875e-01	9.541107e-01	3.056529e-12	-2.994540e-01	1.526840e-12	7.372291e-01	4.500000e-01	1.999986e-01
5.945205e-01	9.521998e-01	3.121351e-12	-3.054758e-01	1.557928e-12	7.346792e-01	4.500000e-01	2.036118e-01
6.066536e-01	9.502512e-01	3.179430e-12	-3.114847e-01	1.587867e-12	7.320841e-01	4.500000e-01	2.071921e-01
6.187867e-01	9.482648e-01	3.237036e-12	-3.174805e-01	1.618658e-12	7.294443e-01	4.500000e-01	2.107389e-01
6.309198e-01	9.462408e-01	3.300619e-12	-3.234629e-01	1.652182e-12	7.267602e-01	4.500000e-01	2.142517e-01
6.430528e-01	9.441794e-01	3.363683e-12	-3.294317e-01	1.686634e-12	7.240323e-01	4.500000e-01	2.177299e-01
6.551859e-01	9.420805e-01	3.422476e-12	-3.353868e-01	1.711543e-12	7.212610e-01	4.500000e-01	2.211729e-01
6.673190e-01	9.399444e-01	3.480600e-12	-3.413277e-01	1.737298e-12	7.184468e-01	4.500000e-01	2.245803e-01
6.794521e-01	9.377710e-01	3.540727e-12	-3.472544e-01	1.771179e-12	7.155901e-01	4.500000e-01	2.279515e-01
6.915851e-01	9.355605e-01	3.600225e-12	-3.531665e-01	1.805850e-12	7.126914e-01	4.500000e-01	2.312860e-01
7.037182e-01	9.333130e-01	3.662735e-12	-3.590639e-01	1.831976e-12	7.097512e-01	4.500000e-01	2.345833e-01
7.158513e-01	9.310286e-01	3.724442e-12	-3.649463e-01	1.859122e-12	7.067700e-01	4.500000e-01	2.378428e-01
7.279843e-01	9.287074e-01	3.787983e-12	-3.708134e-01	1.893977e-12	7.037482e-01	4.500000e-01	2.410640e-01
7.401174e-01	9.263495e-01	3.842408e-12	-3.766652e-01	1.926398e-12	7.006863e-01	4.500000e-01	2.442465e-01
7.522505e-01	9.239550e-01	3.899904e-12	-3.825012e-01	1.950551e-12	6.975850e-01	4.500000e-01	2.473897e-01
7.643836e-01	9.215240e-01	3.964160e-12	-3.883214e-01	1.979181e-12	6.944445e-01	4.500000e-01	2.504933e-01
7.765166e-01	9.190566e-01	4.027392e-12	-3.941255e-01	2.008881e-12	6.912656e-01	4.500000e-01	2.535565e-01
7.886497e-01	9.165530e-01	4.083116e-12	-3.999132e-01	2.036886e-12	6.880486e-01	4.500000e-01	2.565791e-01
8.007828e-01	9.140133e-01	4.137895e-12	-4.056843e-01	2.065947e-12	6.847942e-01	4.500000e-01	2.595606e-01
8.129159e-01	9.114375e-01	4.199146e-12	-4.114386e-01	2.099387e-12	6.815028e-01	4.500000e-01	2.625004e-01
8.250489e-01	9.088257e-01	4.259461e-12	-4.171760e-01	2.133933e-12	6.781749e-01	4.500000e-01	2.653982e-01
8.371820e-01	9.061782e-01	4.312747e-12	-4.228961e-01	2.156791e-12	6.748112e-01	4.500000e-01	2.682534e-01
8.493151e-01	9.034950e-01	4.374900e-12	-4.285987e-01	2.185713e-12	6.714122e-01	4.500000e-01	2.710657e-01
8.614481e-01	9.007762e-01	4.435774e-12	-4.342836e-01	2.215838e-12	6.679784e-01	4.500000e-01	2.738346e-01
8.735812e-01	8.980219e-01	4.490238e-12	-4.399507e-01	2.244756e-12	6.645104e-01	4.500000e-01	2.765597e-01
8.857143e-01	8.952324e-01	4.543440e-12	-4.455996e-01	2.274955e-12	6.610087e-01	4.500000e-01	2.792406e-01
8.978474e-01	8.924076e-01	4.605059e-12	-4.512302e-01	2.302850e-12	6.574739e-01	4.500000e-01	2.818769e-01
9.099804e-01	8.895478e-01	4.665223e-12	-4.568422e-01	2.332505e-12	6.539066e-01	4.500000e-01	2.844681e-01
9.221135e-01	8.866529e-01	4.718953e-12	-4.624355e-01	2.360943e-12	6.503074e-01	4.500000e-01	2.870138e-01
9.342466e-01	8.837233e-01	4.771211e-12	-4.680097e-01	2.390916e-12	6.466768e-01	4.500000e-01	2.895138e-01
9.463796e-01	8.807590e-01	4.832996e-12	-4.735648e-01	2.416924e-12	6.430155e-01	4.500000e-01	2.919675e-01
9.585127e-01	8.777601e-01	4.892948e-12	-4.791005e-01	2.444654e-12	6.393239e-01	4.500000e-01	2.943747e-01
9.706458e-01	8.747267e-01	4.946646e-12	-4.846165e-01	2.471653e-12	6.356028e-01	4.500000e-01	2.967349e-01
9.827789e-01	8.716591e-01	4.998557e-12	-4.901127e-01	2.500630e-12	6.318527e-01	4.500000e-01	2.990478e-01
9.949119e-01	8.685572e-01	5.057764e-12	-4.955888e-01	2.529242e-12	6.280742e-01	4.500000e-01	3.013131e-01
1.007045e+00	8.654214e-01	5.114946e-12	-5.010447e-01	2.559984e-12	6.242679e-01	4.500000e-01	3.035304e-01
1.019178e+00	8.622516e-01	5.173133e-12	-5.064802e-01	2.587368e-12	6.204345e-01	4.500000e-01	3.056993e-01
1.031311e+00	8.590481e-01	5.223494e-12	-5.118949e-01	2.613711e-12	6.165745e-01	4.500000e-01	3.078196e-01
1.043444e+00	8.558109e-01	5.279281e-12	-5.172888e-01	2.640062e-12	6.126886e-01	4.500000e-01	3.098910e-01
1.055577e+00	8.525403e-01	5.332547e-12	-5.226615e-01	2.668874e-12	6.087774e-01	4.500000e-01	3.119130e-01
1.067710e+00	8.492363e-01	5.387147e-12	-5.280130e-01	2.693793e-12	6.048416e-01	4.500000e-01	3.138855e-01
1.079843e+00	8.458991e-01	5.438980e-12	-5.333430e-01	2.721430e-12	6.008817e-01	4.500000e-01	3.158080e-01
1.091977e+00	8.425288e-01	5.497300e-12	-5.386513e-01	2.749126e-12	5.968984e-01	4.500000e-01	3.176805e-01
1.104110e+00	8.391256e-01	5.552459e-12	-5.439376e-01	2.779758e-12	5.928923e-01	4.500000e-01	3.195024e-01
1.116243e+00	8.356897e-01	5.604915e-12	-5.492019e-01	2.802797e-12	5.888641e-01	4.500000e-01	3.212737e-01
1.128376e+00	8.322211e-01	5.653919e-12	-5.544439e-01	2.829323e-12	5.848144e-01	4.500000e-01	3.229939e-01
1.140509e+00	8.287201e-01	5.711742e-12	-5.596633e-01	2.856247e-12	5.807439e-01	4.500000e-01	3.246630e-01
1.152642e+00	8.251867e-01	5.765531e-12	-5.648601e-01	2.887128e-12	5.766532e-01	4.500000e-01	3.262805e-01
1.164775e+00	8.216212e-01	5.817518e-12	-5.700339e-01	2.909224e-12	5.725429e-01	4.500000e-01	3.278464e-01
1.176908e+00	8.180236e-01	5.864975e-12	-5.751847e-01	2.935538e-12	5.684138e-01	4.500000e-01	3.293602e-01
1.189041e+00	8.143942e-01	5.922413e-12	-5.803121e-01	2.961573e-12	5.642665e-01	4.500000e-01	3.308220e-01
1.201174e+00	8.107330e-01	5.974632e-12	-5.854161e-01	2.992724e-12	5.601016e-01	4.500000e-01	3.322313e-01
1.213307e+00	8.070403e-01	6.026414e-12	-5.904964e-01	3.013589e-12	5.559198e-01	4.500000e-01	3.335881e-01
1.225440e+00	8.033162e-01	6.072002e-12	-5.955528e-01	3.040262e-12	5.517218e-01	4.500000e-01	3.348920e-01
1.237573e+00	7.995608e-01	6.129311e-12	-6.005852e-01	3.065108e-12	5.475082e-01	4.500000e-01	3.361430e-01
1.249706e+00	7.957743e-01	6.182842e-12	-6.055933e-01	3.092470e-12	5.432798e-01	4.500000e-01	3.373409e-01
1.261840e+00	7.919570e-01	6.235078e-12	-6.105769e-01	3.118959e-12	5.390371e-01	4.500000e-01	3.384855e-01
1.273973e+00	7.881088e-01	6.281960e-12	-6.155360e-01	3.141341e-12	5.347808e-01	4.500000e-01	3.395765e-01
1.286106e+00	7.842301e-01	6.332317e-12	-6.204702e-01	3.166628e-12	5.305117e-01	4.500000e-01	3.406139e-01
1.298239e+00	7.803209e-01	6.381377e-12	-6.253794e-01	3.190781e-12	5.262304e-01	4.500000e-01	3.415976e-01
1.310372e+00	7.763814e-01	6.428835e-12	-6.302634e-01	3.213805e-12	5.219376e-01	4.500000e-01	3.425273e-01
1.322505e+00	7.724118e-01	6.481849e-12	-6.351220e-01	3.241365e-12	5.176340e-01	4.500000e-01	3.434030e-01
1.334638e+00	7.684123e-01	6.533093e-12	-6.399551e-01	3.267663e-12	5.133202e-01	4.500000e-01	3.442246e-01
1.346771e+00	7.643830e-01	6.582742e-12	-6.447625e-01	3.292621e-12	5.089969e-01	4.500000e-01	3.449918e-01
1.358904e+00	7.603241e-01	6.630549e-12	-6.495439e-01	3.316331e-12	5.046649e-01	4.500000e-01	3.457047e-01
1.371037e+00	7.562357e-01	6.676549e-12	-6.542993e-01	3.338379e-12	5.003247e-01	4.500000e-01	3.463631e-01
1.383170e+00	7.521181e-01	6.725829e-12	-6.590284e-01	3.363289e-12	4.959771e-01	4.500000e-01	3.469670e-01
1.395303e+00	7.479714e-01	6.772939e-12	-6.637310e-01	3.386599e-12	4.916228e-01	4.500000e-01	3.475162e-01
1.407436e+00	7.437957e-01	6.821470e-12	-6.684070e-01	3.411211e-12	4.872625e-01	4.500000e-01	3.480108e-01
1.419569e+00	7.395914e-01	1.547431e-12	-6.730562e-01	5.491429e-12	4.828968e-01	4.500000e-01	3.484506e-01
1.431703e+00	7.353584e-01	1.581758e-12	-6.776784e-01	5.481634e-12	4.785264e-01	4.500000e-01	3.488356e-01
1.443836e+00	7.310971e-01	1.616116e-12	-6.822735e-01	5.471621e-12	4.741520e-01	4.500000e-01	3.491657e-01
1.455969e+00	7.268075e-01	1.650346e-12	-6.868412e-01	5.461385e-12	4.697744e-01	4.500000e-01	3.494409e-01
1.468102e+00	7.224899e-01	1.684590e-12	-6.913815e-01	5.450920e-12	4.653941e-01	4.500000e-01	3.496613e-01
1.480235e+00	7.181444e-01	1.718686e-12	-6.958941e-01	5.440220e-12	4.610119e-01	4.500000e-01	3.498267e-01
1.492368e+00	7.137712e-01	1.752779e-12	-7.003789e-01	5.429439e-12	4.566285e-01	4.500000e-01	3.499372e-01
1.504501e+00	7.093706e-01	1.786704e-12	-7.048357e-01	5.418252e-12	4.522446e-01	4.500000e-01	3.499928e-01
1.516634e+00	7.049426e-01	1.820609e-12	-7.092644e-01	5.406971e-12	4.478608e-01	4.500000e-01	3.499935e-01
1.528767e+00	7.004874e-01	1.854406e-12	-7.136647e-01	5.395508e-12	4.434779e-01	4.500000e-01	3.499392e-01
1.540900e+00	6.960054e-01	1.888167e-12	-7.180366e-01	5.383780e-12	4.390964e-01	4.500000e-01	3.498301e-01
1.553033e+00	6.914965e-01	1.921803e-12	-7.223798e-01	5.371858e-12	4.347172e-01	4.500000e-01	3.496662e-01
1.565166e+00	6.869611e-01	1.955468e-12	-7.266942e-01	5.359734e-12	4.303409e-01	4.500000e-01	3.494474e-01
1.577299e+00	6.823993e-01	1.988993e-12	-7.309796e-01	5.347401e-12	4.259682e-01	4.500000e-01	3.491740e-01
1.589432e+00	6.778113e-01	2.022368e-12	-7.352359e-01	5.334852e-12	4.215997e-01	4.500000e-01	3.488458e-01
1.601566e+00	6.731972e-01	2.055751e-12	-7.394630e-01	5.322079e-12	4.172361e-01	4.500000e-01	3.484631e-01
1.613699e+00	6.685573e-01	2.088970e-12	-7.436606e-01	5.309075e-12	4.128782e-01	4.500000e-01	3.480258e-01
1.625832e+00	6.638918e-01	2.122182e-12	-7.478286e-01	5.295981e-12	4.085266e-01	4.500000e-01	3.475341e-01
1.637965e+00	6.592009e-01	2.155297e-12	-7.519669e-01	5.282565e-12	4.041820e-01	4.500000e-01	3.469881e-01
1.650098e+00	6.544846e-01	2.188226e-12	-7.560753e-01	5.269041e-12	3.998451e-01	4.500000e-01	3.463878e-01
1.662231e+00	6.497434e-01	2.221212e-12	-7.601536e-01	5.255180e-12	3.955165e-01	4.500000e-01	3.457333e-01
1.674364e+00	6.449772e-01	2.253998e-12	-7.642018e-01	5.241192e-12	3.911969e-01	4.500000e-01	3.450249e-01
1.686497e+00	6.401864e-01	2.286659e-12	-7.682196e-01	5.226995e-12	3.868870e-01	4.500000e-01	3.442626e-01
1.698630e+00	6.353711e-01	2.319360e-12	-7.722070e-01	5.212580e-12	3.825875e-01	4.500000e-01	3.434466e-01
1.710763e+00	6.305315e-01	2.351839e-12	-7.761637e-01	5.198007e-12	3.782990e-01	4.500000e-01	3.425769e-01
1.722896e+00	6.256678e-01	2.384348e-12	-7.800896e-01	5.183196e-12	3.740222e-01	4.500000e-01	3.416539e-01
1.735029e+00	6.207803e-01	2.416620e-12	-7.839846e-01	5.168207e-12	3.697577e-01	4.500000e-01	3.406775e-01
1.747162e+00	6.158691e-01	2.448999e-12	-7.878485e-01	5.153029e-12	3.655063e-01	4.500000e-01	3.396481e-01
1.759295e+00	6.109343e-01	2.481040e-12	-7.916813e-01	5.137582e-12	3.612685e-01	4.500000e-01	3.385657e-01
1.771429e+00	6.059763e-01	2.513090e-12	-7.954827e-01	5.121991e-12	3.570451e-01	4.500000e-01	3.374306e-01
1.783562e+00	6.009952e-01	2.545054e-12	-7.992526e-01	5.106178e-12	3.528367e-01	4.500000e-01	3.362429e-01
1.795695e+00	5.959913e-01	2.576927e-12	-8.029909e-01	5.090263e-12	3.486439e-01	4.500000e-01	3.350029e-01
1.807828e+00	5.909646e-01	2.608615e-12	-8.066975e-01	5.074034e-12	3.444674e-01	4.500000e-01	3.337108e-01
1.819961e+00	5.859155e-01	2.640291e-12	-8.103722e-01	5.057613e-12	3.403079e-01	4.500000e-01	3.323667e-01
1.832094e+00	5.808441e-01	2.671861e-12	-8.140148e-01	5.041050e-12	3.361659e-01	4.500000e-01	3.309710e-01
1.844227e+00	5.757506e-01	2.703228e-12	-8.176254e-01	5.024267e-12	3.320421e-01	4.500000e-01	3.295238e-01
1.856360e+00	5.706353e-01	2.734570e-12	-8.212036e-01	5.007250e-12	3.279372e-01	4.500000e-01	3.280254e-01
1.868493e+00	5.654983e-01	2.765789e-12	-8.247495e-01	4.990175e-12	3.238518e-01	4.500000e-01	3.264761e-01
1.880626e+00	5.603399e-01	2.796882e-12	-8.282628e-01	4.972774e-12	3.197865e-01	4.500000e-01	3.248761e-01
1.892759e+00	5.551602e-01	2.827842e-12	-8.317434e-01	4.955282e-12	3.157420e-01	4.500000e-01	3.232256e-01
1.904892e+00	5.499595e-01	2.858759e-12	-8.351913e-01	4.937498e-12	3.117188e-01	4.500000e-01	3.215250e-01
1.917025e+00	5.447380e-01	2.889441e-12	-8.386063e-01	4.919528e-12	3.077176e-01	4.500000e-01	3.197745e-01
1.929159e+00	5.394959e-01	2.920070e-12	-8.419882e-01	4.901475e-12	3.037391e-01	4.500000e-01	3.179744e-01
1.941292e+00	5.342334e-01	2.950548e-12	-8.453370e-01	4.883142e-12	2.997837e-01	4.500000e-01	3.161251e-01
1.953425e+00	5.289506e-01	2.981058e-12	-8.486526e-01	4.864629e-12	2.958522e-01	4.500000e-01	3.142267e-01
1.965558e+00	5.236480e-01	3.011315e-12	-8.519347e-01	4.845977e-12	2.919450e-01	4.500000e-01	3.122797e-01
1.977691e+00	5.183255e-01	3.041407e-12	-8.551834e-01	4.827105e-12	2.880630e-01	4.500000e-01	3.102844e-01
1.989824e+00	5.129835e-01	3.071520e-12	-8.583984e-01	4.807997e-12	2.842065e-01	4.500000e-01	3.082410e-01
2.001957e+00	5.076222e-01	3.101365e-12	-8.615798e-01	4.788800e-12	2.803762e-01	4.500000e-01	3.061499e-01
2.014090e+00	5.022418e-01	3.131128e-12	-8.647272e-01	4.769379e-12	2.765728e-01	4.500000e-01	3.040115e-01
2.026223e+00	4.968425e-01	3.160901e-12	-8.678408e-01	4.749768e-12	2.727967e-01	4.500000e-01	3.018261e-01
2.038356e+00	4.914244e-01	3.190392e-12	-8.709202e-01	4.729999e-12	2.690486e-01	4.500000e-01	2.995940e-01
2.050489e+00	4.859879e-01	3.219886e-12	-8.739655e-01	4.709991e-12	2.653290e-01	4.500000e-01	2.973157e-01
2.062622e+00	4.805332e-01	3.249089e-12	-8.769765e-01	4.689883e-12	2.616385e-01	4.500000e-01	2.949914e-01
2.074755e+00	4.750604e-01	3.278288e-12	-8.799532e-01	4.669487e-12	2.579777e-01	4.500000e-01	2.926216e-01
2.086888e+00	4.695698e-01	3.307285e-12	-8.828953e-01	4.648988e-12	2.543471e-01	4.500000e-01	2.902067e-01
2.099022e+00	4.640616e-01	3.336174e-12	-8.858029e-01	4.628303e-12	2.507472e-01	4.500000e-01	2.877470e-01
2.111155e+00	4.585361e-01	3.364852e-12	-8.886758e-01	4.607455e-12	2.471787e-01	4.500000e-01	2.852429e-01
2.123288e+00	4.529933e-01	3.393513e-12	-8.915139e-01	4.586412e-12	2.436421e-01	4.500000e-01	2.826949e-01
2.135421e+00	4.474337e-01	3.422055e-12	-8.943171e-01	4.565193e-12	2.401378e-01	4.500000e-01	2.801033e-01
2.147554e+00	4.418573e-01	3.450376e-12	-8.970853e-01	4.543813e-12	2.366665e-01	4.500000e-01	2.774686e-01
2.159687e+00	4.362644e-01	3.478670e-12	-8.998185e-01	4.522238e-12	2.332287e-01	4.500000e-01	2.747912e-01
2.171820e+00	4.306553e-01	3.506736e-12	-9.025165e-01	4.500528e-12	2.298248e-01	4.500000e-01	2.720715e-01
2.183953e+00	4.250301e-01	3.534668e-12	-9.051792e-01	4.478596e-12	2.264554e-01	4.500000e-01	2.693099e-01
2.196086e+00	4.193891e-01	3.562465e-12	-9.078066e-01	4.456498e-12	2.231210e-01	4.500000e-01	2.665069e-01
2.208219e+00	4.137325e-01	3.590122e-12	-9.103985e-01	4.434285e-12	2.198222e-01	4.500000e-01	2.636630e-01
2.220352e+00	4.080605e-01	3.617637e-12	-9.129549e-01	4.411821e-12	2.165594e-01	4.500000e-01	2.607786e-01
2.232485e+00	4.023733e-01	3.645006e-12	-9.154757e-01	4.389244e-12	2.133330e-01	4.500000e-01	2.578541e-01
2.244618e+00	3.966713e-01	3.672226e-12	-9.179607e-01	4.366502e-12	2.101437e-01	4.500000e-01	2.548901e-01
2.256751e+00	3.909545e-01	3.699293e-12	-9.204100e-01	4.343549e-12	2.069918e-01	4.500000e-01	2.518869e-01
2.268885e+00	3.852233e-01	3.726308e-12	-9.228234e-01	4.320461e-12	2.038779e-01	4.500000e-01	2.488451e-01
2.281018e+00	3.794778e-01	3.753062e-12	-9.252009e-01	4.297268e-12	2.008024e-01	4.500000e-01	2.457652e-01
2.293151e+00	3.737183e-01	3.779757e-12	-9.275423e-01	4.273828e-12	1.977657e-01	4.500000e-01	2.426476e-01
2.305284e+00	3.679449e-01	3.806185e-12	-9.298476e-01	4.250248e-12	1.947684e-01	4.500000e-01	2.394929e-01
2.317417e+00	3.621581e-01	3.832548e-12	-9.321167e-01	4.226464e-12	1.918109e-01	4.500000e-01	2.363015e-01
2.329550e+00	3.563579e-01	3.858741e-12	-9.343495e-01	4.202611e-12	1.888936e-01	4.500000e-01	2.330740e-01
2.341683e+00	3.505445e-01	3.884761e-12	-9.365461e-01	4.178537e-12	1.860170e-01	4.500000e-01	2.298108e-01
2.353816e+00	3.447183e-01	3.910604e-12	-9.387062e-01	4.154325e-12	1.831815e-01	4.500000e-01	2.265125e-01
2.365949e+00	3.388795e-01	3.936372e-12	-9.408298e-01	4.129934e-12	1.803875e-01	4.500000e-01	2.231795e-01
2.378082e+00	3.330282e-01	3.961959e-12	-9.429169e-01	4.105396e-12	1.776354e-01	4.500000e-01	2.198125e-01
2.390215e+00	3.271647e-01	3.987465e-12	-9.449673e-01	4.080733e-12	1.749257e-01	4.500000e-01	2.164120e-01
2.402348e+00	3.212893e-01	4.012679e-12	-9.469811e-01	4.055853e-12	1.722588e-01	4.500000e-01	2.129784e-01
2.414481e+00	3.154021e-01	4.037808e-12	-9.489581e-01	4.030874e-12	1.696349e-01	4.500000e-01	2.095124e-01
2.426614e+00	3.095034e-01	4.062744e-12	-9.508983e-01	4.005725e-12	1.670547e-01	4.500000e-01	2.060144e-01
2.438748e+00	3.035935e-01	4.087484e-12	-9.528016e-01	3.980435e-12	1.645183e-01	4.500000e-01	2.024851e-01
2.450881e+00	2.976725e-01	4.112131e-12	-9.546680e-01	3.954988e-12	1.620263e-01	4.500000e-01	1.989249e-01
2.463014e+00	2.917408e-01	4.136683e-12	-9.564974e-01	3.929393e-12	1.595789e-01	4.500000e-01	1.953345e-01
2.475147e+00	2.857984e-01	4.160925e-12	-9.582898e-01	3.903646e-12	1.571765e-01	4.500000e-01	1.917144e-01
2.487280e+00	2.798457e-01	4.185067e-12	-9.600450e-01	3.877736e-12	1.548195e-01	4.500000e-01	1.880651e-01
2.499413e+00	2.738829e-01	4.209107e-12	-9.617630e-01	3.851699e-12	1.525083e-01	4.500000e-01	1.843873e-01
2.511546e+00	2.679102e-01	4.232829e-12	-9.634439e-01	3.825496e-12	1.502431e-01	4.500000e-01	1.806815e-01
2.523679e+00	2.619279e-01	4.256550e-12	-9.650874e-01	3.799165e-12	1.480244e-01	4.500000e-01	1.769483e-01
2.535812e+00	2.559362e-01	4.280055e-12	-9.666937e-01	3.772695e-12	1.458523e-01	4.500000e-01	1.731883e-01
2.547945e+00	2.499353e-01	4.303341e-12	-9.682625e-01	3.746061e-12	1.437274e-01	4.500000e-01	1.694021e-01
2.560078e+00	2.439254e-01	4.326513e-12	-9.697940e-01	3.719300e-12	1.416497e-01	4.500000e-01	1.655902e-01
2.572211e+00	2.379069e-01	4.349461e-12	-9.712880e-01	3.692428e-12	1.396198e-01	4.500000e-01	1.617533e-01
2.584344e+00	2.318799e-01	4.372291e-12	-9.727444e-01	3.665382e-12	1.376378e-01	4.500000e-01	1.578919e-01
2.596477e+00	2.258446e-01	4.395000e-12	-9.741633e-01	3.638207e-12	1.357041e-01	4.500000e-01	1.540067e-01
2.608611e+00	2.198014e-01	4.417478e-12	-9.755447e-01	3.610890e-12	1.338188e-01	4.500000e-01	1.500982e-01
2.620744e+00	2.137503e-01	4.439614e-12	-9.768883e-01	3.583436e-12	1.319824e-01	4.500000e-01	1.461671e-01
2.632877e+00	2.076918e-01	4.461839e-12	-9.781943e-01	3.555838e-12	1.301951e-01	4.500000e-01	1.422140e-01
2.645010e+00	2.016259e-01	4.483718e-12	-9.794626e-01	3.528140e-12	1.284571e-01	4.500000e-01	1.382395e-01
2.657143e+00	1.955530e-01	4.505574e-12	-9.806931e-01	3.500271e-12	1.267687e-01	4.500000e-01	1.342442e-01
2.669276e+00	1.894732e-01	4.527188e-12	-9.818859e-01	3.472309e-12	1.251301e-01	4.500000e-01	1.302288e-01
2.681409e+00	1.833869e-01	4.548556e-12	-9.830408e-01	3.444185e-12	1.235415e-01	4.500000e-01	1.261937e-01
2.693542e+00	1.772942e-01	4.569787e-12	-9.841579e-01	3.415952e-12	1.220033e-01	4.500000e-01	1.221398e-01
2.705675e+00	1.711953e-01	4.590986e-12	-9.852371e-01	3.387586e-12	1.205155e-01	4.500000e-01	1.180676e-01
2.717808e+00	1.650906e-01	4.611826e-12	-9.862784e-01	3.359090e-12	1.190784e-01	4.500000e-01	1.139777e-01
2.729941e+00	1.589803e-01	4.632520e-12	-9.872818e-01	3.330464e-12	1.176923e-01	4.500000e-01	1.098708e-01
2.742074e+00	1.528645e-01	4.653069e-12	-9.882472e-01	3.301729e-12	1.163573e-01	4.500000e-01	1.057476e-01
2.754207e+00	1.467436e-01	4.673359e-12	-9.891746e-01	3.272862e-12	1.150736e-01	4.500000e-01	1.016085e-01
2.766341e+00	1.406177e-01	4.693500e-12	-9.900640e-01	3.243877e-12	1.138413e-01	4.500000e-01	9.745437e-02
2.778474e+00	1.344871e-01	4.713598e-12	-9.909153e-01	3.214764e-12	1.126608e-01	4.500000e-01	9.328575e-02
2.790607e+00	1.283521e-01	4.733322e-12	-9.917287e-01	3.185532e-12	1.115320e-01	4.500000e-01	8.910330e-02
2.802740e+00	1.222128e-01	4.752999e-12	-9.925039e-01	3.156187e-12	1.104552e-01	4.500000e-01	8.490768e-02
2.814873e+00	1.160695e-01	4.772409e-12	-9.932411e-01	3.126707e-12	1.094305e-01	4.500000e-01	8.069951e-02
2.827006e+00	1.099225e-01	4.791768e-12	-9.939402e-01	3.097129e-12	1.084581e-01	4.500000e-01	7.647947e-02
2.839139e+00	1.037719e-01	4.810635e-12	-9.946011e-01	3.067432e-12	1.075380e-01	4.500000e-01	7.224818e-02
2.851272e+00	9.761811e-02	4.829669e-12	-9.952239e-01	3.037615e-12	1.066705e-01	4.500000e-01	6.800631e-02
2.863405e+00	9.146122e-02	4.848316e-12	-9.958086e-01	3.007695e-12	1.058556e-01	4.500000e-01	6.375451e-02
2.875538e+00	8.530153e-02	4.866795e-12	-9.963552e-01	2.977656e-12	1.050934e-01	4.500000e-01	5.949344e-02
2.887671e+00	7.913926e-02	4.885105e-12	-9.968636e-01	2.947505e-12	1.043841e-01	4.500000e-01	5.522373e-02
2.899804e+00	7.297465e-02	4.903243e-12	-9.973338e-01	2.917253e-12	1.037277e-01	4.500000e-01	5.094606e-02
2.911937e+00	6.680794e-02	4.921208e-12	-9.977659e-01	2.886889e-12	1.031243e-01	4.500000e-01	4.666108e-02
2.924070e+00	6.063937e-02	4.938997e-12	-9.981597e-01	2.856417e-12	1.025740e-01	4.500000e-01	4.236944e-02
2.936204e+00	5.446917e-02	4.956499e-12	-9.985155e-01	2.825839e-12	1.020768e-01	4.500000e-01	3.807181e-02
2.948337e+00	4.829757e-02	4.973933e-12	-9.988330e-01	2.795154e-12	1.016329e-01	4.500000e-01	3.376884e-02
2.960470e+00	4.212481e-02	4.991075e-12	-9.991124e-01	2.764364e-12	1.012421e-01	4.500000e-01	2.946120e-02
2.972603e+00	3.595114e-02	5.008146e-12	-9.993535e-01	2.733479e-12	1.009047e-01	4.500000e-01	2.514953e-02
2.984736e+00	2.977678e-02	5.024922e-12	-9.995566e-01	2.702489e-12	1.006207e-01	4.500000e-01	2.083450e-02
2.996869e+00	2.360197e-02	5.041400e-12	-9.997214e-01	2.671402e-12	1.003899e-01	4.500000e-01	1.651677e-02
3.009002e+00	1.742694e-02	5.057913e-12	-9.998481e-01	2.640215e-12	1.002126e-01	4.500000e-01	1.219701e-02
3.021135e+00	1.125194e-02	5.074125e-12	-9.999367e-01	2.608931e-12	1.000886e-01	4.500000e-01	7.875859e-03
3.033268e+00	5.077195e-03	5.090146e-12	-9.999871e-01	2.577551e-12	1.000180e-01	4.500000e-01	3.553991e-03
3.045401e+00	1.097056e-03	-5.105851e-12	9.999994e-01	-2.546076e-12	1.000008e-01	4.500000e-01	-7.679390e-04
3.057534e+00	7.270580e-03	-5.121484e-12	9.999736e-01	-2.514508e-12	1.000370e-01	4.500000e-01	-5.089272e-03
3.069667e+00	1.344314e-02	-5.136921e-12	9.999096e-01	-2.482847e-12	1.001265e-01	4.500000e-01	-9.409349e-03
3.081800e+00	1.961450e-02	-5.152159e-12	9.998076e-01	-2.451095e-12	1.002693e-01	4.500000e-01	-1.372751e-02
3.093933e+00	2.578444e-02	-5.167197e-12	9.996675e-01	-2.419252e-12	1.004654e-01	4.500000e-01	-1.804310e-02
3.106067e+00	3.195270e-02	-5.182033e-12	9.994894e-01	-2.387321e-12	1.007147e-01	4.500000e-01	-2.235547e-02
3.118200e+00	3.811906e-02	-5.196666e-12	9.992732e-01	-2.355306e-12	1.010171e-01	4.500000e-01	-2.666395e-02
3.130333e+00	4.428329e-02	-5.211094e-12	9.990190e-01	-2.323201e-12	1.013727e-01	4.500000e-01	-3.096789e-02
3.142466e+00	5.044515e-02	-5.225315e-12	9.987268e-01	-2.291011e-12	1.017813e-01	4.500000e-01	-3.526665e-02
3.154599e+00	5.660440e-02	-5.239438e-12	9.983967e-01	-2.258740e-12	1.022428e-01	4.500000e-01	-3.955955e-02
3.166732e+00	6.276082e-02	-5.253240e-12	9.980286e-01	-2.226389e-12	1.027572e-01	4.500000e-01	-4.384597e-02
3.178865e+00	6.891417e-02	-5.266831e-12	9.976226e-01	-2.193950e-12	1.033244e-01	4.500000e-01	-4.812523e-02
3.190998e+00	7.506422e-02	-5.280208e-12	9.971787e-01	-2.161430e-12	1.039442e-01	4.500000e-01	-5.239671e-02
3.203131e+00	8.121073e-02	-5.293370e-12	9.966970e-01	-2.128843e-12	1.046166e-01	4.500000e-01	-5.665974e-02
3.215264e+00	8.735348e-02	-5.306537e-12	9.961774e-01	-2.096175e-12	1.053414e-01	4.500000e-01	-6.091369e-02
3.227397e+00	9.349222e-02	-5.319375e-12	9.956200e-01	-2.063426e-12	1.061186e-01	4.500000e-01	-6.515791e-02
3.239530e+00	9.962674e-02	-5.331882e-12	9.950249e-01	-2.030606e-12	1.069478e-01	4.500000e-01	-6.939176e-02
3.251663e+00	1.057568e-01	-5.344278e-12	9.943920e-01	-1.997711e-12	1.078291e-01	4.500000e-01	-7.361459e-02
3.263796e+00	1.118821e-01	-5.356561e-12	9.937215e-01	-1.964732e-12	1.087623e-01	4.500000e-01	-7.782578e-02
3.275930e+00	1.180026e-01	-5.368509e-12	9.930133e-01	-1.931704e-12	1.097472e-01	4.500000e-01	-8.202469e-02
3.288063e+00	1.241178e-01	-5.380340e-12	9.922675e-01	-1.898588e-12	1.107837e-01	4.500000e-01	-8.621067e-02
3.300196e+00	1.302277e-01	-5.391944e-12	9.914841e-01	-1.865424e-12	1.118715e-01	4.500000e-01	-9.038311e-02
3.312329e+00	1.363320e-01	-5.403317e-12	9.906632e-01	-1.832170e-12	1.130105e-01	4.500000e-01	-9.454137e-02
3.324462e+00	1.424304e-01	-5.414570e-12	9.898048e-01	-1.798866e-12	1.142005e-01	4.500000e-01	-9.868483e-02
3.336595e+00	1.485228e-01	-5.425479e-12	9.889090e-01	-1.765497e-12	1.154413e-01	4.500000e-01	-1.028129e-01
3.348728e+00	1.546088e-01	-5.436264e-12	9.879758e-01	-1.732054e-12	1.167327e-01	4.500000e-01	-1.069248e-01
3.360861e+00	1.606883e-01	-5.446812e-12	9.870052e-01	-1.698563e-12	1.180745e-01	4.500000e-01	-1.110202e-01
3.372994e+00	1.667611e-01	-5.457123e-12	9.859973e-01	-1.664982e-12	1.194665e-01	4.500000e-01	-1.150982e-01
3.385127e+00	1.728269e-01	-5.467304e-12	9.849522e-01	-1.631371e-12	1.209084e-01	4.500000e-01	-1.191583e-01
3.397260e+00	1.788854e-01	-5.477244e-12	9.838699e-01	-1.597679e-12	1.224000e-01	4.500000e-01	-1.232000e-01
3.409393e+00	1.849365e-01	-5.486942e-12	9.827505e-01	-1.563969e-12	1.239411e-01	4.500000e-01	-1.272225e-01
3.421526e+00	1.909799e-01	-5.496505e-12	9.815939e-01	-1.530159e-12	1.255313e-01	4.500000e-01	-1.312253e-01
3.433659e+00	1.970155e-01	-5.505822e-12	9.804004e-01	-1.496340e-12	1.271706e-01	4.500000e-01	-1.352078e-01
3.445793e+00	2.030429e-01	-5.514891e-12	9.791698e-01	-1.462431e-12	1.288585e-01	4.500000e-01	-1.391694e-01
3.457926e+00	2.090620e-01	-5.523821e-12	9.779024e-01	-1.428493e-12	1.305948e-01	4.500000e-01	-1.431095e-01
3.470059e+00	2.150725e-01	-5.532500e-12	9.765981e-01	-1.394490e-12	1.323793e-01	4.500000e-01	-1.470275e-01
3.482192e+00	2.210742e-01	-5.541036e-12	9.752570e-01	-1.360434e-12	1.342116e-01	4.500000e-01	-1.509229e-01
3.494325e+00	2.270668e-01	-5.549210e-12	9.738792e-01	-1.326321e-12	1.360915e-01	4.500000e-01	-1.547950e-01
3.506458e+00	2.330503e-01	-5.557237e-12	9.724647e-01	-1.292214e-12	1.380187e-01	4.500000e-01	-1.586432e-01
3.518591e+00	2.390242e-01	-5.565115e-12	9.710136e-01	-1.257987e-12	1.399928e-01	4.500000e-01	-1.624670e-01
3.530724e+00	2.449885e-01	-5.572735e-12	9.695260e-01	-1.223773e-12	1.420136e-01	4.500000e-01	-1.662659e-01
3.542857e+00	2.509429e-01	-5.580095e-12	9.680019e-01	-1.189494e-12	1.440806e-01	4.500000e-01	-1.700392e-01
3.554990e+00	2.568871e-01	-5.587301e-12	9.664414e-01	-1.155182e-12	1.461937e-01	4.500000e-01	-1.737864e-01
3.567123e+00	2.628210e-01	-5.594352e-12	9.648446e-01	-1.120823e-12	1.483524e-01	4.500000e-01	-1.775070e-01
3.579256e+00	2.687443e-01	-5.601031e-12	9.632116e-01	-1.086440e-12	1.505564e-01	4.500000e-01	-1.812003e-01
3.591389e+00	2.746568e-01	-5.607658e-12	9.615423e-01	-1.052009e-12	1.528054e-01	4.500000e-01	-1.848659e-01
3.603523e+00	2.805582e-01	-5.614123e-12	9.598370e-01	-1.017550e-12	1.550990e-01	4.500000e-01	-1.885031e-01
3.615656e+00	2.864485e-01	-5.620212e-12	9.580956e-01	-9.830369e-13	1.574369e-01	4.500000e-01	-1.921115e-01
3.627789e+00	2.923273e-01	-5.626137e-12	9.563183e-01	-9.484929e-13	1.598187e-01	4.500000e-01	-1.956906e-01
3.639922e+00	2.981944e-01	-5.631789e-12	9.545052e-01	-9.139637e-13	1.622439e-01	4.500000e-01	-1.992397e-01
3.652055e+00	3.040497e-01	-5.637274e-12	9.526562e-01	-8.793514e-13	1.647123e-01	4.500000e-01	-2.027583e-01
3.664188e+00	3.098928e-01	-5.642588e-12	9.507715e-01	-8.447118e-13	1.672235e-01	4.500000e-01	-2.062461e-01
3.676321e+00	3.157236e-01	-5.647731e-12	9.488512e-01	-8.100951e-13	1.697770e-01	4.500000e-01	-2.097023e-01
3.688454e+00	3.215419e-01	-5.652594e-12	9.468954e-01	-7.753675e-13	1.723724e-01	4.500000e-01	-2.131266e-01
3.700587e+00	3.273474e-01	-5.657282e-12	9.449041e-01	-7.406675e-13	1.750094e-01	4.500000e-01	-2.165183e-01
3.712720e+00	3.331400e-01	-5.661583e-12	9.428774e-01	-7.059511e-13	1.776876e-01	4.500000e-01	-2.198771e-01
3.724853e+00	3.389193e-01	-5.665809e-12	9.408154e-01	-6.712012e-13	1.804064e-01	4.500000e-01	-2.232024e-01
3.736986e+00	3.446853e-01	-5.669959e-12	9.387183e-01	-6.364311e-13	1.831656e-01	4.500000e-01	-2.264937e-01
3.749119e+00	3.504377e-01	-5.673717e-12	9.365860e-01	-6.016097e-13	1.859646e-01	4.500000e-01	-2.297505e-01
3.761252e+00	3.561762e-01	-5.677291e-12	9.344188e-01	-5.668166e-13	1.888031e-01	4.500000e-01	-2.329724e-01
3.773386e+00	3.619008e-01	-5.680677e-12	9.322166e-01	-5.319707e-13	1.916805e-01	4.500000e-01	-2.361589e-01
3.785519e+00	3.676111e-01	-5.683875e-12	9.299796e-01	-4.971435e-13	1.945965e-01	4.500000e-01	-2.393096e-01
3.797652e+00	3.733069e-01	-5.686779e-12	9.277079e-01	-4.622819e-13	1.975506e-01	4.500000e-01	-2.424238e-01
3.809785e+00	3.789881e-01	-5.689491e-12	9.254016e-01	-4.274093e-13	2.005424e-01	4.500000e-01	-2.455013e-01
3.821918e+00	3.846544e-01	-5.692008e-12	9.230607e-01	-3.925036e-13	2.035713e-01	4.500000e-01	-2.485415e-01
3.834051e+00	3.903056e-01	-5.694329e-12	9.206853e-01	-3.576242e-13	2.066369e-01	4.500000e-01	-2.515441e-01
3.846184e+00	3.959416e-01	-5.696349e-12	9.182757e-01	-3.226982e-13	2.097388e-01	4.500000e-01	-2.545085e-01
3.858317e+00	4.015620e-01	-5.698270e-12	9.158318e-01	-2.877790e-13	2.128765e-01	4.500000e-01	-2.574343e-01
3.870450e+00	4.071668e-01	-5.699989e-12	9.133538e-01	-2.528745e-13	2.160494e-01	4.500000e-01	-2.603211e-01
3.882583e+00	4.127557e-01	-5.701301e-12	9.108418e-01	-2.179441e-13	2.192571e-01	4.500000e-01	-2.631686e-01
3.894716e+00	4.183284e-01	-5.702609e-12	9.082958e-01	-1.830350e-13	2.224991e-01	4.500000e-01	-2.659762e-01
3.906849e+00	4.238849e-01	-5.703607e-12	9.057161e-01	-1.480529e-13	2.257749e-01	4.500000e-01	-2.687435e-01
3.918982e+00	4.294248e-01	-5.704395e-12	9.031026e-01	-1.131822e-13	2.290840e-01	4.500000e-01	-2.714703e-01
3.931115e+00	4.349480e-01	-5.704970e-12	9.004556e-01	-7.817978e-14	2.324258e-01	4.500000e-01	-2.741560e-01
3.943249e+00	4.404543e-01	-5.705330e-12	8.977750e-01	-4.327672e-14	2.358000e-01	4.500000e-01	-2.768002e-01
3.955382e+00	4.459435e-01	-5.705473e-12	8.950611e-01	-8.317625e-15	2.392059e-01	4.500000e-01	-2.794027e-01
3.967515e+00	4.514154e-01	-5.705497e-12	8.923139e-01	2.661222e-14	2.426431e-01	4.500000e-01	-2.819630e-01
3.979648e+00	4.568697e-01	-5.705101e-12	8.895336e-01	6.152667e-14	2.461110e-01	4.500000e-01	-2.844807e-01
3.991781e+00	4.623063e-01	-5.704679e-12	8.867203e-01	9.649347e-14	2.496090e-01	4.500000e-01	-2.869555e-01
4.003914e+00	4.677251e-01	-5.704031e-12	8.838740e-01	1.313776e-13	2.531367e-01	4.500000e-01	-2.893870e-01
4.016047e+00	4.731257e-01	-5.703057e-12	8.809950e-01	1.663021e-13	2.566935e-01	4.500000e-01	-2.917749e-01
4.028180e+00	4.785079e-01	-5.701950e-12	8.780832e-01	2.011315e-13	2.602789e-01	4.500000e-01	-2.941189e-01
4.040313e+00	4.838717e-01	-5.700709e-12	8.751389e-01	2.360481e-13	2.638923e-01	4.500000e-01	-2.964185e-01
4.052446e+00	4.892168e-01	-5.699135e-12	8.721622e-01	2.709181e-13	2.675332e-01	4.500000e-01	-2.986735e-01
4.064579e+00	4.945430e-01	-5.697324e-12	8.691531e-01	3.057676e-13	2.712010e-01	4.500000e-01	-3.008835e-01
4.076712e+00	4.998501e-01	-5.695370e-12	8.661119e-01	3.406253e-13	2.748951e-01	4.500000e-01	-3.030483e-01
4.088845e+00	5.051380e-01	-5.693174e-12	8.630386e-01	3.754101e-13	2.786151e-01	4.500000e-01	-3.051675e-01
4.100978e+00	5.104064e-01	-5.690734e-12	8.599333e-01	4.102087e-13	2.823603e-01	4.500000e-01	-3.072408e-01
4.113112e+00	5.156551e-01	-5.688142e-12	8.567963e-01	4.450554e-13	2.861301e-01	4.500000e-01	-3.092679e-01
4.125245e+00	5.208839e-01	-5.685302e-12	8.536275e-01	4.797555e-13	2.899240e-01	4.500000e-01	-3.112486e-01
4.137378e+00	5.260927e-01	-5.682304e-12	8.504272e-01	5.145747e-13	2.937415e-01	4.500000e-01	-3.131825e-01
4.149511e+00	5.312813e-01	-5.678957e-12	8.471955e-01	5.492597e-13	2.975819e-01	4.500000e-01	-3.150694e-01
4.161644e+00	5.364495e-01	-5.675542e-12	8.439324e-01	5.839648e-13	3.014447e-01	4.500000e-01	-3.169090e-01
4.173777e+00	5.415971e-01	-5.671868e-12	8.406382e-01	6.186710e-13	3.053292e-01	4.500000e-01	-3.187010e-01
4.185910e+00	5.467239e-01	-5.668024e-12	8.373129e-01	6.532985e-13	3.092349e-01	4.500000e-01	-3.204453e-01
4.198043e+00	5.518297e-01	-5.663915e-12	8.339568e-01	6.878880e-13	3.131612e-01	4.500000e-01	-3.221415e-01
4.210176e+00	5.569144e-01	-5.659632e-12	8.305699e-01	7.224826e-13	3.171076e-01	4.500000e-01	-3.237894e-01
4.222309e+00	5.619777e-01	-5.654986e-12	8.271524e-01	7.570653e-13	3.210733e-01	4.500000e-01	-3.253888e-01
4.234442e+00	5.670196e-01	-5.650343e-12	8.237043e-01	7.916191e-13	3.250578e-01	4.500000e-01	-3.269395e-01
4.246575e+00	5.720397e-01	-5.645424e-12	8.202260e-01	8.260637e-13	3.290606e-01	4.500000e-01	-3.284412e-01
4.258708e+00	5.770379e-01	-5.640226e-12	8.167174e-01	8.605087e-13	3.330809e-01	4.500000e-01	-3.298938e-01
4.270841e+00	5.820141e-01	-5.634927e-12	8.131787e-01	8.949391e-13	3.371183e-01	4.500000e-01	-3.312970e-01
4.282975e+00	5.869680e-01	-5.629344e-12	8.096101e-01	9.293401e-13	3.411720e-01	4.500000e-01	-3.326507e-01
4.295108e+00	5.918996e-01	-5.623474e-12	8.060117e-01	9.636966e-13	3.452416e-01	4.500000e-01	-3.339546e-01
4.307241e+00	5.968085e-01	-5.617493e-12	8.023837e-01	9.979939e-13	3.493263e-01	4.500000e-01	-3.352086e-01
4.319374e+00	6.016947e-01	-5.611306e-12	7.987262e-01	1.032284e-12	3.534255e-01	4.500000e-01	-3.364125e-01
4.331507e+00	6.065579e-01	-5.605000e-12	7.950393e-01	1.066487e-12	3.575387e-01	4.500000e-01	-3.375662e-01
4.343640e+00	6.113980e-01	-5.598306e-12	7.913233e-01	1.100655e-12	3.616653e-01	4.500000e-01	-3.386694e-01
4.355773e+00	6.162148e-01	-5.591484e-12	7.875781e-01	1.134845e-12	3.658045e-01	4.500000e-01	-3.397221e-01
4.367906e+00	6.210082e-01	-5.584530e-12	7.838041e-01	1.168906e-12	3.699558e-01	4.500000e-01	-3.407241e-01
4.380039e+00	6.257779e-01	-5.577267e-12	7.800013e-01	1.202965e-12	3.741186e-01	4.500000e-01	-3.416753e-01
4.392172e+00	6.305239e-01	-5.569777e-12	7.761699e-01	1.236939e-12	3.782922e-01	4.500000e-01	-3.425755e-01
4.404305e+00	6.352458e-01	-5.562142e-12	7.723100e-01	1.270887e-12	3.824761e-01	4.500000e-01	-3.434247e-01
4.416438e+00	6.399437e-01	-5.554274e-12	7.684218e-01	1.304726e-12	3.866695e-01	4.500000e-01	-3.442227e-01
4.428571e+00	6.446172e-01	-5.546251e-12	7.645055e-01	1.338659e-12	3.908719e-01	4.500000e-01	-3.449694e-01
4.440705e+00	6.492662e-01	-5.537902e-12	7.605612e-01	1.372389e-12	3.950827e-01	4.500000e-01	-3.456647e-01
4.452838e+00	6.538907e-01	-5.529475e-12	7.565891e-01	1.406121e-12	3.993011e-01	4.500000e-01	-3.463086e-01
4.464971e+00	6.584903e-01	-5.520797e-12	7.525892e-01	1.439844e-12	4.035266e-01	4.500000e-01	-3.469009e-01
4.477104e+00	6.630650e-01	-5.511947e-12	7.485619e-01	1.473478e-12	4.077586e-01	4.500000e-01	-3.474416e-01
4.489237e+00	6.676145e-01	-5.502920e-12	7.445071e-01	1.507010e-12	4.119964e-01	4.500000e-01	-3.479306e-01
4.501370e+00	6.721388e-01	-5.493629e-12	7.404252e-01	1.540505e-12	4.162394e-01	4.500000e-01	-3.483679e-01
4.513503e+00	6.766376e-01	-5.484069e-12	7.363162e-01	1.573953e-12	4.204869e-01	4.500000e-01	-3.487535e-01
4.525636e+00	6.811108e-01	-5.474400e-12	7.321804e-01	1.607347e-12	4.247383e-01	4.500000e-01	-3.490872e-01
4.537769e+00	6.855583e-01	-5.464535e-12	7.280178e-01	1.640600e-12	4.289931e-01	4.500000e-01	-3.493690e-01
4.549902e+00	6.899798e-01	-5.454386e-12	7.238286e-01	1.673932e-12	4.332505e-01	4.500000e-01	-3.495990e-01
4.562035e+00	6.943753e-01	-5.444112e-12	7.196131e-01	1.707029e-12	4.375099e-01	4.500000e-01	-3.497771e-01
4.574168e+00	6.987445e-01	-5.433545e-12	7.153713e-01	1.740190e-12	4.417707e-01	4.500000e-01	-3.499032e-01
4.586301e+00	7.030874e-01	-5.422918e-12	7.111035e-01	1.773174e-12	4.460323e-01	4.500000e-01	-3.499775e-01
4.598434e+00	7.074037e-01	-5.411989e-12	7.068097e-01	1.806207e-12	4.502940e-01	4.500000e-01	-3.499999e-01
4.610568e+00	7.116933e-01	-5.400909e-12	7.024903e-01	1.839126e-12	4.545552e-01	4.500000e-01	-3.499704e-01
4.622701e+00	7.159562e-01	-5.389594e-12	6.981452e-01	1.872001e-12	4.588153e-01	4.500000e-01	-3.498890e-01
4.634834e+00	7.201920e-01	-5.378115e-12	6.937748e-01	1.904745e-12	4.630736e-01	4.500000e-01	-3.497557e-01
4.646967e+00	7.244007e-01	-5.366388e-12	6.893792e-01	1.937429e-12	4.673295e-01	4.500000e-01	-3.495707e-01
4.659100e+00	7.285821e-01	-5.354562e-12	6.849585e-01	1.970048e-12	4.715823e-01	4.500000e-01	-3.493339e-01
4.671233e+00	7.327361e-01	-5.342474e-12	6.805129e-01	2.002594e-12	4.758316e-01	4.500000e-01	-3.490455e-01
4.683366e+00	7.368625e-01	-5.330122e-12	6.760426e-01	2.035060e-12	4.800765e-01	4.500000e-01	-3.487053e-01
4.695499e+00	7.409613e-01	-5.317647e-12	6.715478e-01	2.067439e-12	4.843165e-01	4.500000e-01	-3.483136e-01
4.707632e+00	7.450321e-01	-5.305041e-12	6.670286e-01	2.099725e-12	4.885510e-01	4.500000e-01	-3.478704e-01
4.719765e+00	7.490750e-01	-5.292148e-12	6.624852e-01	2.131910e-12	4.927793e-01	4.500000e-01	-3.473758e-01
4.731898e+00	7.530897e-01	-5.279109e-12	6.579178e-01	2.164155e-12	4.970009e-01	4.500000e-01	-3.468298e-01
4.744031e+00	7.570762e-01	-5.265843e-12	6.533266e-01	2.196204e-12	5.012150e-01	4.500000e-01	-3.462326e-01
4.756164e+00	7.610342e-01	-5.252414e-12	6.487118e-01	2.228132e-12	5.054211e-01	4.500000e-01	-3.455843e-01
4.768297e+00	7.649637e-01	-5.238742e-12	6.440734e-01	2.260020e-12	5.096186e-01	4.500000e-01	-3.448849e-01
4.780431e+00	7.688645e-01	-5.224891e-12	6.394118e-01	2.291775e-12	5.138068e-01	4.500000e-01	-3.441347e-01
4.792564e+00	7.727364e-01	-5.210851e-12	6.347270e-01	2.323563e-12	5.179851e-01	4.500000e-01	-3.433337e-01
4.804697e+00	7.765795e-01	-5.196684e-12	6.300193e-01	2.355121e-12	5.221530e-01	4.500000e-01	-3.424820e-01
4.816830e+00	7.803934e-01	-5.182309e-12	6.252889e-01	2.386702e-12	5.263097e-01	4.500000e-01	-3.415799e-01
4.828963e+00	7.841781e-01	-5.167719e-12	6.205358e-01	2.418126e-12	5.304547e-01	4.500000e-01	-3.406274e-01
4.841096e+00	7.879335e-01	-5.152834e-12	6.157604e-01	2.449477e-12	5.345874e-01	4.500000e-01	-3.396248e-01
4.853229e+00	7.916593e-01	-5.137919e-12	6.109628e-01	2.480747e-12	5.387071e-01	4.500000e-01	-3.385721e-01
4.865362e+00	7.953556e-01	-5.122758e-12	6.061431e-01	2.511845e-12	5.428134e-01	4.500000e-01	-3.374695e-01
4.877495e+00	7.990221e-01	-5.107342e-12	6.013016e-01	2.542940e-12	5.469055e-01	4.500000e-01	-3.363173e-01
4.889628e+00	8.026588e-01	-5.091861e-12	5.964385e-01	2.573941e-12	5.509828e-01	4.500000e-01	-3.351156e-01
4.901761e+00	8.062655e-01	-5.076102e-12	5.915539e-01	2.604752e-12	5.550448e-01	4.500000e-01	-3.338646e-01
4.913894e+00	8.098421e-01	-5.060187e-12	5.866480e-01	2.635547e-12	5.590909e-01	4.500000e-01	-3.325645e-01
4.926027e+00	8.133884e-01	-5.044169e-12	5.817210e-01	2.666233e-12	5.631205e-01	4.500000e-01	-3.312156e-01
4.938160e+00	8.169044e-01	-5.027903e-12	5.767731e-01	2.696804e-12	5.671330e-01	4.500000e-01	-3.298179e-01
4.950294e+00	8.203899e-01	-5.011380e-12	5.718045e-01	2.727256e-12	5.711278e-01	4.500000e-01	-3.283718e-01
4.962427e+00	8.238449e-01	-4.994714e-12	5.668153e-01	2.757583e-12	5.751043e-01	4.500000e-01	-3.268775e-01
4.974560e+00	8.272691e-01	-4.977953e-12	5.618058e-01	2.787873e-12	5.790619e-01	4.500000e-01	-3.253352e-01
4.986693e+00	8.306625e-01	-4.960895e-12	5.567762e-01	2.818030e-12	5.830002e-01	4.500000e-01	-3.237452e-01
4.998826e+00	8.340250e-01	-4.943712e-12	5.517267e-01	2.848141e-12	5.869184e-01	4.500000e-01	-3.221077e-01
5.010959e+00	8.373564e-01	-4.926389e-12	5.466573e-01	2.878018e-12	5.908160e-01	4.500000e-01	-3.204229e-01
5.023092e+00	8.406567e-01	-4.908788e-12	5.415684e-01	2.907841e-12	5.946926e-01	4.500000e-01	-3.186912e-01
5.035225e+00	8.439257e-01	-4.891075e-12	5.364601e-01	2.937512e-12	5.985474e-01	4.500000e-01	-3.169127e-01
5.047358e+00	8.471633e-01	-4.873172e-12	5.313327e-01	2.967122e-12	6.023799e-01	4.500000e-01	-3.150879e-01
5.059491e+00	8.503694e-01	-4.855063e-12	5.261862e-01	2.996667e-12	6.061896e-01	4.500000e-01	-3.132169e-01
5.071624e+00	8.535439e-01	-4.836847e-12	5.210210e-01	3.025953e-12	6.099760e-01	4.500000e-01	-3.113000e-01
5.083757e+00	8.566866e-01	-4.818389e-12	5.158372e-01	3.055356e-12	6.137384e-01	4.500000e-01	-3.093376e-01
5.095890e+00	8.597976e-01	-4.799786e-12	5.106350e-01	3.084493e-12	6.174764e-01	4.500000e-01	-3.073299e-01
5.108023e+00	8.628767e-01	-4.781016e-12	5.054145e-01	3.113549e-12	6.211893e-01	4.500000e-01	-3.052773e-01
5.120157e+00	8.659237e-01	-4.762060e-12	5.001761e-01	3.142329e-12	6.248767e-01	4.500000e-01	-3.031800e-01
5.132290e+00	8.689386e-01	-4.742897e-12	4.949199e-01	3.171213e-12	6.285380e-01	4.500000e-01	-3.010385e-01
5.144423e+00	8.719213e-01	-4.723615e-12	4.896460e-01	3.199814e-12	6.321727e-01	4.500000e-01	-2.988530e-01
5.156556e+00	8.748717e-01	-4.704136e-12	4.843548e-01	3.228416e-12	6.357803e-01	4.500000e-01	-2.966238e-01
5.168689e+00	8.777896e-01	-4.684490e-12	4.790463e-01	3.256920e-12	6.393602e-01	4.500000e-01	-2.943513e-01
5.180822e+00	8.806751e-01	-4.664706e-12	4.737208e-01	3.285226e-12	6.429120e-01	4.500000e-01	-2.920359e-01
5.192955e+00	8.835279e-01	-4.644705e-12	4.683786e-01	3.313426e-12	6.464351e-01	4.500000e-01	-2.896779e-01
5.205088e+00	8.863480e-01	-4.624514e-12	4.630197e-01	3.341420e-12	6.499289e-01	4.500000e-01	-2.872776e-01
5.217221e+00	8.891353e-01	-4.604260e-12	4.576444e-01	3.369301e-12	6.533931e-01	4.500000e-01	-2.848355e-01
5.229354e+00	8.918897e-01	-4.583758e-12	4.522529e-01	3.397166e-12	6.568271e-01	4.500000e-01	-2.823518e-01
5.241487e+00	8.946112e-01	-4.563083e-12	4.468455e-01	3.424814e-12	6.602304e-01	4.500000e-01	-2.798271e-01
5.253620e+00	8.972995e-01	-4.542301e-12	4.414222e-01	3.452440e-12	6.636025e-01	4.500000e-01	-2.772615e-01
5.265753e+00	8.999548e-01	-4.521282e-12	4.359833e-01	3.479841e-12	6.669430e-01	4.500000e-01	-2.746557e-01
5.277886e+00	9.025767e-01	-4.500138e-12	4.305290e-01	3.507115e-12	6.702513e-01	4.500000e-01	-2.720098e-01
5.290020e+00	9.051654e-01	-4.478881e-12	4.250596e-01	3.534358e-12	6.735270e-01	4.500000e-01	-2.693245e-01
5.302153e+00	9.077206e-01	-4.457379e-12	4.195752e-01	3.561366e-12	6.767697e-01	4.500000e-01	-2.665999e-01
5.314286e+00	9.102423e-01	-4.435735e-12	4.140760e-01	3.588238e-12	6.799787e-01	4.500000e-01	-2.638367e-01
5.326419e+00	9.127305e-01	-4.414001e-12	4.085623e-01	3.614969e-12	6.831538e-01	4.500000e-01	-2.610350e-01
5.338552e+00	9.151849e-01	-4.391997e-12	4.030341e-01	3.641658e-12	6.862944e-01	4.500000e-01	-2.581955e-01
5.350685e+00	9.176057e-01	-4.369951e-12	3.974919e-01	3.668100e-12	6.894001e-01	4.500000e-01	-2.553186e-01
5.362818e+00	9.199926e-01	-4.347637e-12	3.919357e-01	3.694495e-12	6.924705e-01	4.500000e-01	-2.524045e-01
5.374951e+00	9.223457e-01	-4.325229e-12	3.863657e-01	3.720738e-12	6.955051e-01	4.500000e-01	-2.494539e-01
5.387084e+00	9.246647e-01	-4.302674e-12	3.807822e-01	3.746827e-12	6.985034e-01	4.500000e-01	-2.464671e-01
5.399217e+00	9.269498e-01	-4.279920e-12	3.751854e-01	3.772758e-12	7.014651e-01	4.500000e-01	-2.434446e-01
5.411350e+00	9.292007e-01	-4.257080e-12	3.695755e-01	3.798528e-12	7.043898e-01	4.500000e-01	-2.403869e-01
5.423483e+00	9.314174e-01	-4.234011e-12	3.639527e-01	3.824135e-12	7.072769e-01	4.500000e-01	-2.372943e-01
5.435616e+00	9.335999e-01	-4.210818e-12	3.583172e-01	3.849784e-12	7.101262e-01	4.500000e-01	-2.341674e-01
5.447750e+00	9.357481e-01	-4.187514e-12	3.526692e-01	3.875056e-12	7.129371e-01	4.500000e-01	-2.310067e-01
5.459883e+00	9.378618e-01	-4.163993e-12	3.470089e-01	3.900261e-12	7.157094e-01	4.500000e-01	-2.278125e-01
5.472016e+00	9.399411e-01	-4.140341e-12	3.413366e-01	3.925396e-12	7.184425e-01	4.500000e-01	-2.245854e-01
5.484149e+00	9.419859e-01	-4.116558e-12	3.356524e-01	3.950250e-12	7.211362e-01	4.500000e-01	-2.213259e-01
5.496282e+00	9.439961e-01	-4.092603e-12	3.299565e-01	3.975135e-12	7.237901e-01	4.500000e-01	-2.180344e-01
5.508415e+00	9.459717e-01	-4.068540e-12	3.242493e-01	3.999837e-12	7.264037e-01	4.500000e-01	-2.147114e-01
5.520548e+00	9.479125e-01	-4.044316e-12	3.185308e-01	4.024251e-12	7.289767e-01	4.500000e-01	-2.113575e-01
5.532681e+00	9.498186e-01	-4.019946e-12	3.128013e-01	4.048687e-12	7.315087e-01	4.500000e-01	-2.079732e-01
5.544814e+00	9.516898e-01	-3.995436e-12	3.070610e-01	4.072830e-12	7.339995e-01	4.500000e-01	-2.045588e-01
5.556947e+00	9.535262e-01	-3.970752e-12	3.013102e-01	4.096885e-12	7.364485e-01	4.500000e-01	-2.011150e-01
5.569080e+00	9.553276e-01	-3.945950e-12	2.955489e-01	4.120747e-12	7.388556e-01	4.500000e-01	-1.976422e-01
5.581213e+00	9.570940e-01	-3.921013e-12	2.897776e-01	4.144518e-12	7.412203e-01	4.500000e-01	-1.941411e-01
5.593346e+00	9.588254e-01	-3.895914e-12	2.839962e-01	4.168089e-12	7.435423e-01	4.500000e-01	-1.906120e-01
5.605479e+00	9.605217e-01	-3.870708e-12	2.782052e-01	4.191459e-12	7.458213e-01	4.500000e-01	-1.870555e-01
5.617613e+00	9.621828e-01	-3.845349e-12	2.724046e-01	4.214731e-12	7.480570e-01	4.500000e-01	-1.834721e-01
5.629746e+00	9.638087e-01	-3.819867e-12	2.665947e-01	4.237904e-12	7.502491e-01	4.500000e-01	-1.798624e-01
5.641879e+00	9.653994e-01	-3.794192e-12	2.607758e-01	4.260868e-12	7.523972e-01	4.500000e-01	-1.762269e-01
5.654012e+00	9.669548e-01	-3.768443e-12	2.549480e-01	4.283621e-12	7.545011e-01	4.500000e-01	-1.725662e-01
5.666145e+00	9.684748e-01	-3.742520e-12	2.491115e-01	4.306268e-12	7.565604e-01	4.500000e-01	-1.688807e-01
5.678278e+00	9.699595e-01	-3.716504e-12	2.432666e-01	4.328807e-12	7.585750e-01	4.500000e-01	-1.651711e-01
5.690411e+00	9.714087e-01	-3.690316e-12	2.374134e-01	4.351129e-12	7.605444e-01	4.500000e-01	-1.614378e-01
5.702544e+00	9.728225e-01	-3.664019e-12	2.315522e-01	4.373338e-12	7.624685e-01	4.500000e-01	-1.576815e-01
5.714677e+00	9.742007e-01	-3.637599e-12	2.256833e-01	4.395325e-12	7.643469e-01	4.500000e-01	-1.539026e-01
5.726810e+00	9.755434e-01	-3.611014e-12	2.198068e-01	4.417196e-12	7.661795e-01	4.500000e-01	-1.501017e-01
5.738943e+00	9.768506e-01	-3.584345e-12	2.139229e-01	4.438840e-12	7.679659e-01	4.500000e-01	-1.462795e-01
5.751076e+00	9.781221e-01	-3.557514e-12	2.080318e-01	4.460472e-12	7.697059e-01	4.500000e-01	-1.424364e-01
5.763209e+00	9.793579e-01	-3.530575e-12	2.021338e-01	4.481765e-12	7.713993e-01	4.500000e-01	-1.385730e-01
5.775342e+00	9.805581e-01	-3.503517e-12	1.962291e-01	4.502934e-12	7.730459e-01	4.500000e-01	-1.346899e-01
5.787476e+00	9.817225e-01	-3.476304e-12	1.903180e-01	4.523867e-12	7.746454e-01	4.500000e-01	-1.307876e-01
5.799609e+00	9.828512e-01	-3.449002e-12	1.844005e-01	4.544781e-12	7.761975e-01	4.500000e-01	-1.268668e-01
5.811742e+00	9.839441e-01	-3.421551e-12	1.784770e-01	4.565566e-12	7.777022e-01	4.500000e-01	-1.229279e-01
5.823875e+00	9.850012e-01	-3.393988e-12	1.725476e-01	4.586109e-12	7.791591e-01	4.500000e-01	-1.189717e-01
5.836008e+00	9.860224e-01	-3.366295e-12	1.666126e-01	4.606408e-12	7.805682e-01	4.500000e-01	-1.149986e-01
5.848141e+00	9.870078e-01	-3.338497e-12	1.606721e-01	4.626572e-12	7.819291e-01	4.500000e-01	-1.110093e-01
5.860274e+00	9.879573e-01	-3.310604e-12	1.547265e-01	4.646598e-12	7.832418e-01	4.500000e-01	-1.070042e-01
5.872407e+00	9.888709e-01	-3.282552e-12	1.487759e-01	4.666485e-12	7.845060e-01	4.500000e-01	-1.029841e-01
5.884540e+00	9.897486e-01	-3.254394e-12	1.428205e-01	4.686120e-12	7.857216e-01	4.500000e-01	-9.894949e-02
5.896673e+00	9.905903e-01	-3.226151e-12	1.368606e-01	4.705612e-12	7.868884e-01	4.500000e-01	-9.490096e-02
5.908806e+00	9.913961e-01	-3.197763e-12	1.308964e-01	4.724959e-12	7.880063e-01	4.500000e-01	-9.083910e-02
5.920939e+00	9.921658e-01	-3.169269e-12	1.249280e-01	4.744049e-12	7.890751e-01	4.500000e-01	-8.676452e-02
5.933072e+00	9.928996e-01	-3.140662e-12	1.189558e-01	4.762990e-12	7.900947e-01	4.500000e-01	-8.267779e-02
5.945205e+00	9.935973e-01	-3.111944e-12	1.129799e-01	4.781891e-12	7.910649e-01	4.500000e-01	-7.857953e-02
5.957339e+00	9.942590e-01	-3.083124e-12	1.070005e-01	4.800530e-12	7.919856e-01	4.500000e-01	-7.447032e-02
5.969472e+00	9.948846e-01	-3.054182e-12	1.010178e-01	4.819014e-12	7.928568e-01	4.500000e-01	-7.035077e-02
5.981605e+00	9.954742e-01	-3.025152e-12	9.503220e-02	4.837232e-12	7.936782e-01	4.500000e-01	-6.622147e-02
5.993738e+00	9.960277e-01	-2.995998e-12	8.904375e-02	4.855403e-12	7.944498e-01	4.500000e-01	-6.208303e-02
6.005871e+00	9.965452e-01	-2.966747e-12	8.305271e-02	4.873304e-12	7.951716e-01	4.500000e-01	-5.793604e-02
6.018004e+00	9.970265e-01	-2.937389e-12	7.705930e-02	4.891045e-12	7.958433e-01	4.500000e-01	-5.378112e-02
6.030137e+00	9.974718e-01	-2.907927e-12	7.106374e-02	4.908622e-12	7.964650e-01	4.500000e-01	-4.961885e-02
6.042270e+00	9.978809e-01	-2.878364e-12	6.506623e-02	4.926035e-12	7.970365e-01	4.500000e-01	-4.544985e-02
6.054403e+00	9.982540e-01	-2.848705e-12	5.906701e-02	4.943282e-12	7.975578e-01	4.500000e-01	-4.127472e-02
6.066536e+00	9.985910e-01	-2.818940e-12	5.306629e-02	4.960250e-12	7.980288e-01	4.500000e-01	-3.709406e-02
6.078669e+00	9.988919e-01	-2.789081e-12	4.706428e-02	4.977049e-12	7.984495e-01	4.500000e-01	-3.290849e-02
6.090802e+00	9.991566e-01	-2.759120e-12	4.106121e-02	4.993787e-12	7.988198e-01	4.500000e-01	-2.871861e-02
6.102935e+00	9.993853e-01	-2.729065e-12	3.505728e-02	5.010241e-12	7.991397e-01	4.500000e-01	-2.452501e-02
6.115068e+00	9.995779e-01	-2.698916e-12	2.905272e-02	5.026521e-12	7.994092e-01	4.500000e-01	-2.032832e-02
6.127202e+00	9.997344e-01	-2.668673e-12	2.304775e-02	5.042625e-12	7.996282e-01	4.500000e-01	-1.612914e-02
6.139335e+00	9.998548e-01	-2.638336e-12	1.704257e-02	5.058552e-12	7.997967e-01	4.500000e-01	-1.192807e-02
6.151468e+00	9.999391e-01	-2.607906e-12	1.103741e-02	5.074298e-12	7.999147e-01	4.500000e-01	-7.725720e-03
6.163601e+00	9.999873e-01	-2.577386e-12	5.032489e-03	5.089975e-12	7.999823e-01	4.500000e-01	-3.522698e-03
6.175734e+00	9.999995e-01	-2.546775e-12	-9.719865e-04	5.105358e-12	7.999993e-01	4.500000e-01	6.803902e-04
6.187867e+00	9.999757e-01	-2.516076e-12	-6.975796e-03	5.120557e-12	7.999659e-01	4.500000e-01	4.882938e-03
6.200000e+00	9.999158e-01	-2.485290e-12	-1.297872e-02	5.135570e-12	7.998821e-01	4.500000e-01	9.084341e-03


