"      test"

"Time      "	"part2_q0  "	"part2_q1  "	"part2_q2  "	"part2_q03 "	".PART_2.CM_Position.X"	".PART_2.CM_Position.Y"	".PART_2.CM_Position.Z"
0.000000e+00	1.000000e+00	0.000000e+00	0.000000e+00	4.978996e-17	-4.000000e-01	5.000000e-01	-1.530808e-17
1.213307e-02	9.999798e-01	0.000000e+00	0.000000e+00	-6.352673e-03	-4.000282e-01	4.955532e-01	-1.530808e-17
2.426614e-02	9.999193e-01	0.000000e+00	0.000000e+00	-1.270463e-02	-4.001130e-01	4.911075e-01	-1.530808e-17
3.639922e-02	9.998184e-01	0.000000e+00	0.000000e+00	-1.905527e-02	-4.002542e-01	4.866637e-01	-1.530808e-17
4.853229e-02	9.996773e-01	0.000000e+00	0.000000e+00	-2.540413e-02	-4.004518e-01	4.822229e-01	-1.530808e-17
6.066536e-02	9.994958e-01	0.000000e+00	0.000000e+00	-3.175093e-02	-4.007057e-01	4.777856e-01	-1.530808e-17
7.279843e-02	9.992741e-01	0.000000e+00	0.000000e+00	-3.809544e-02	-4.010159e-01	4.733526e-01	-1.530808e-17
8.493151e-02	9.990122e-01	0.000000e+00	0.000000e+00	-4.443739e-02	-4.013823e-01	4.689246e-01	-1.530808e-17
9.706458e-02	9.987100e-01	0.000000e+00	0.000000e+00	-5.077653e-02	-4.018048e-01	4.645023e-01	-1.530808e-17
1.091977e-01	9.983677e-01	0.000000e+00	0.000000e+00	-5.711260e-02	-4.022833e-01	4.600864e-01	-1.530808e-17
1.213307e-01	9.979853e-01	0.000000e+00	0.000000e+00	-6.344536e-02	-4.028177e-01	4.556777e-01	-1.530808e-17
1.334638e-01	9.975628e-01	0.000000e+00	0.000000e+00	-6.977455e-02	-4.034079e-01	4.512769e-01	-1.530808e-17
1.455969e-01	9.971002e-01	0.000000e+00	0.000000e+00	-7.609992e-02	-4.040538e-01	4.468845e-01	-1.530808e-17
1.577299e-01	9.965976e-01	0.000000e+00	0.000000e+00	-8.242121e-02	-4.047553e-01	4.425015e-01	-1.530808e-17
1.698630e-01	9.960550e-01	0.000000e+00	0.000000e+00	-8.873818e-02	-4.055121e-01	4.381283e-01	-1.530808e-17
1.819961e-01	9.954724e-01	0.000000e+00	0.000000e+00	-9.505056e-02	-4.063242e-01	4.337659e-01	-1.530808e-17
1.941292e-01	9.948500e-01	0.000000e+00	0.000000e+00	-1.013581e-01	-4.071914e-01	4.294147e-01	-1.530808e-17
2.062622e-01	9.941877e-01	0.000000e+00	0.000000e+00	-1.076606e-01	-4.081136e-01	4.250756e-01	-1.530808e-17
2.183953e-01	9.934856e-01	0.000000e+00	0.000000e+00	-1.139577e-01	-4.090905e-01	4.207492e-01	-1.530808e-17
2.305284e-01	9.927437e-01	0.000000e+00	0.000000e+00	-1.202493e-01	-4.101219e-01	4.164363e-01	-1.530808e-17
2.426614e-01	9.919621e-01	0.000000e+00	0.000000e+00	-1.265350e-01	-4.112078e-01	4.121374e-01	-1.530808e-17
2.547945e-01	9.911409e-01	0.000000e+00	0.000000e+00	-1.328146e-01	-4.123478e-01	4.078534e-01	-1.530808e-17
2.669276e-01	9.902800e-01	0.000000e+00	0.000000e+00	-1.390880e-01	-4.135418e-01	4.035848e-01	-1.530808e-17
2.790607e-01	9.893796e-01	0.000000e+00	0.000000e+00	-1.453547e-01	-4.147896e-01	3.993323e-01	-1.530808e-17
2.911937e-01	9.884397e-01	0.000000e+00	0.000000e+00	-1.516146e-01	-4.160909e-01	3.950967e-01	-1.530808e-17
3.033268e-01	9.874603e-01	0.000000e+00	0.000000e+00	-1.578674e-01	-4.174455e-01	3.908785e-01	-1.530808e-17
3.154599e-01	9.864416e-01	0.000000e+00	0.000000e+00	-1.641129e-01	-4.188531e-01	3.866785e-01	-1.530808e-17
3.275930e-01	9.853835e-01	0.000000e+00	0.000000e+00	-1.703509e-01	-4.203136e-01	3.824973e-01	-1.530808e-17
3.397260e-01	9.842861e-01	0.000000e+00	0.000000e+00	-1.765810e-01	-4.218266e-01	3.783356e-01	-1.530808e-17
3.518591e-01	9.831495e-01	0.000000e+00	0.000000e+00	-1.828031e-01	-4.233919e-01	3.741941e-01	-1.530808e-17
3.639922e-01	9.819738e-01	0.000000e+00	0.000000e+00	-1.890168e-01	-4.250092e-01	3.700733e-01	-1.530808e-17
3.761252e-01	9.807591e-01	0.000000e+00	0.000000e+00	-1.952220e-01	-4.266782e-01	3.659739e-01	-1.530808e-17
3.882583e-01	9.795053e-01	0.000000e+00	0.000000e+00	-2.014185e-01	-4.283986e-01	3.618967e-01	-1.530808e-17
4.003914e-01	9.782126e-01	0.000000e+00	0.000000e+00	-2.076059e-01	-4.301701e-01	3.578421e-01	-1.530808e-17
4.125245e-01	9.768810e-01	0.000000e+00	0.000000e+00	-2.137840e-01	-4.319925e-01	3.538110e-01	-1.530808e-17
4.246575e-01	9.755106e-01	0.000000e+00	0.000000e+00	-2.199525e-01	-4.338654e-01	3.498038e-01	-1.530808e-17
4.367906e-01	9.741015e-01	0.000000e+00	0.000000e+00	-2.261114e-01	-4.357884e-01	3.458212e-01	-1.530808e-17
4.489237e-01	9.726537e-01	0.000000e+00	0.000000e+00	-2.322602e-01	-4.377614e-01	3.418639e-01	-1.530808e-17
4.610568e-01	9.711674e-01	0.000000e+00	0.000000e+00	-2.383987e-01	-4.397838e-01	3.379324e-01	-1.530808e-17
4.731898e-01	9.696425e-01	0.000000e+00	0.000000e+00	-2.445268e-01	-4.418554e-01	3.340275e-01	-1.530808e-17
4.853229e-01	9.680793e-01	0.000000e+00	0.000000e+00	-2.506442e-01	-4.439758e-01	3.301496e-01	-1.530808e-17
4.974560e-01	9.664777e-01	0.000000e+00	0.000000e+00	-2.567506e-01	-4.461446e-01	3.262994e-01	-1.530808e-17
5.095890e-01	9.648379e-01	0.000000e+00	0.000000e+00	-2.628458e-01	-4.483615e-01	3.224775e-01	-1.530808e-17
5.217221e-01	9.631598e-01	0.000000e+00	0.000000e+00	-2.689296e-01	-4.506262e-01	3.186845e-01	-1.530808e-17
5.338552e-01	9.614438e-01	0.000000e+00	0.000000e+00	-2.750016e-01	-4.529381e-01	3.149210e-01	-1.530808e-17
5.459883e-01	9.596897e-01	0.000000e+00	0.000000e+00	-2.810618e-01	-4.552970e-01	3.111875e-01	-1.530808e-17
5.581213e-01	9.578977e-01	0.000000e+00	0.000000e+00	-2.871098e-01	-4.577024e-01	3.074847e-01	-1.530808e-17
5.702544e-01	9.560678e-01	0.000000e+00	0.000000e+00	-2.931455e-01	-4.601540e-01	3.038131e-01	-1.530808e-17
5.823875e-01	9.542003e-01	0.000000e+00	0.000000e+00	-2.991685e-01	-4.626513e-01	3.001733e-01	-1.530808e-17
5.945205e-01	9.522951e-01	0.000000e+00	0.000000e+00	-3.051787e-01	-4.651938e-01	2.965659e-01	-1.530808e-17
6.066536e-01	9.503524e-01	0.000000e+00	0.000000e+00	-3.111758e-01	-4.677813e-01	2.929913e-01	-1.530808e-17
6.187867e-01	9.483722e-01	0.000000e+00	0.000000e+00	-3.171596e-01	-4.704131e-01	2.894503e-01	-1.530808e-17
6.309198e-01	9.463547e-01	0.000000e+00	0.000000e+00	-3.231298e-01	-4.730890e-01	2.859432e-01	-1.530808e-17
6.430528e-01	9.442999e-01	0.000000e+00	0.000000e+00	-3.290863e-01	-4.758084e-01	2.824707e-01	-1.530808e-17
6.551859e-01	9.422079e-01	0.000000e+00	0.000000e+00	-3.350287e-01	-4.785710e-01	2.790333e-01	-1.530808e-17
6.673190e-01	9.400789e-01	0.000000e+00	0.000000e+00	-3.409570e-01	-4.813762e-01	2.756315e-01	-1.530808e-17
6.794521e-01	9.379130e-01	0.000000e+00	0.000000e+00	-3.468707e-01	-4.842235e-01	2.722658e-01	-1.530808e-17
6.915851e-01	9.357101e-01	0.000000e+00	0.000000e+00	-3.527698e-01	-4.871126e-01	2.689368e-01	-1.530808e-17
7.037182e-01	9.334706e-01	0.000000e+00	0.000000e+00	-3.586539e-01	-4.900429e-01	2.656450e-01	-1.530808e-17
7.158513e-01	9.311944e-01	0.000000e+00	0.000000e+00	-3.645229e-01	-4.930139e-01	2.623908e-01	-1.530808e-17
7.279843e-01	9.288817e-01	0.000000e+00	0.000000e+00	-3.703766e-01	-4.960252e-01	2.591748e-01	-1.530808e-17
7.401174e-01	9.265325e-01	0.000000e+00	0.000000e+00	-3.762146e-01	-4.990762e-01	2.559974e-01	-1.530808e-17
7.522505e-01	9.241471e-01	0.000000e+00	0.000000e+00	-3.820369e-01	-5.021665e-01	2.528592e-01	-1.530808e-17
7.643836e-01	9.217254e-01	0.000000e+00	0.000000e+00	-3.878430e-01	-5.052956e-01	2.497606e-01	-1.530808e-17
7.765166e-01	9.192677e-01	0.000000e+00	0.000000e+00	-3.936330e-01	-5.084628e-01	2.467022e-01	-1.530808e-17
7.886497e-01	9.167740e-01	0.000000e+00	0.000000e+00	-3.994064e-01	-5.116678e-01	2.436842e-01	-1.530808e-17
8.007828e-01	9.142444e-01	0.000000e+00	0.000000e+00	-4.051631e-01	-5.149100e-01	2.407073e-01	-1.530808e-17
8.129159e-01	9.116791e-01	0.000000e+00	0.000000e+00	-4.109029e-01	-5.181889e-01	2.377719e-01	-1.530808e-17
8.250489e-01	9.090782e-01	0.000000e+00	0.000000e+00	-4.166256e-01	-5.215038e-01	2.348783e-01	-1.530808e-17
8.371820e-01	9.064417e-01	0.000000e+00	0.000000e+00	-4.223309e-01	-5.248544e-01	2.320271e-01	-1.530808e-17
8.493151e-01	9.037699e-01	0.000000e+00	0.000000e+00	-4.280187e-01	-5.282400e-01	2.292187e-01	-1.530808e-17
8.614481e-01	9.010628e-01	0.000000e+00	0.000000e+00	-4.336886e-01	-5.316601e-01	2.264535e-01	-1.530808e-17
8.735812e-01	8.983206e-01	0.000000e+00	0.000000e+00	-4.393405e-01	-5.351141e-01	2.237320e-01	-1.530808e-17
8.857143e-01	8.955434e-01	0.000000e+00	0.000000e+00	-4.449742e-01	-5.386014e-01	2.210544e-01	-1.530808e-17
8.978474e-01	8.927313e-01	0.000000e+00	0.000000e+00	-4.505895e-01	-5.421216e-01	2.184213e-01	-1.530808e-17
9.099804e-01	8.898844e-01	0.000000e+00	0.000000e+00	-4.561861e-01	-5.456740e-01	2.158330e-01	-1.530808e-17
9.221135e-01	8.870029e-01	0.000000e+00	0.000000e+00	-4.617638e-01	-5.492581e-01	2.132899e-01	-1.530808e-17
9.342466e-01	8.840869e-01	0.000000e+00	0.000000e+00	-4.673225e-01	-5.528732e-01	2.107924e-01	-1.530808e-17
9.463796e-01	8.811365e-01	0.000000e+00	0.000000e+00	-4.728619e-01	-5.565189e-01	2.083409e-01	-1.530808e-17
9.585127e-01	8.781519e-01	0.000000e+00	0.000000e+00	-4.783818e-01	-5.601944e-01	2.059357e-01	-1.530808e-17
9.706458e-01	8.751332e-01	0.000000e+00	0.000000e+00	-4.838820e-01	-5.638993e-01	2.035771e-01	-1.530808e-17
9.827789e-01	8.720806e-01	0.000000e+00	0.000000e+00	-4.893623e-01	-5.676328e-01	2.012656e-01	-1.530808e-17
9.949119e-01	8.689941e-01	0.000000e+00	0.000000e+00	-4.948225e-01	-5.713945e-01	1.990015e-01	-1.530808e-17
1.007045e+00	8.658739e-01	0.000000e+00	0.000000e+00	-5.002624e-01	-5.751837e-01	1.967851e-01	-1.530808e-17
1.019178e+00	8.627201e-01	0.000000e+00	0.000000e+00	-5.056817e-01	-5.789998e-01	1.946167e-01	-1.530808e-17
1.031311e+00	8.595330e-01	0.000000e+00	0.000000e+00	-5.110803e-01	-5.828422e-01	1.924967e-01	-1.530808e-17
1.043444e+00	8.563125e-01	0.000000e+00	0.000000e+00	-5.164580e-01	-5.867102e-01	1.904254e-01	-1.530808e-17
1.055577e+00	8.530589e-01	0.000000e+00	0.000000e+00	-5.218146e-01	-5.906033e-01	1.884030e-01	-1.530808e-17
1.067710e+00	8.497724e-01	0.000000e+00	0.000000e+00	-5.271498e-01	-5.945208e-01	1.864299e-01	-1.530808e-17
1.079843e+00	8.464530e-01	0.000000e+00	0.000000e+00	-5.324635e-01	-5.984622e-01	1.845063e-01	-1.530808e-17
1.091977e+00	8.431009e-01	0.000000e+00	0.000000e+00	-5.377555e-01	-6.024266e-01	1.826325e-01	-1.530808e-17
1.104110e+00	8.397162e-01	0.000000e+00	0.000000e+00	-5.430255e-01	-6.064137e-01	1.808089e-01	-1.530808e-17
1.116243e+00	8.362991e-01	0.000000e+00	0.000000e+00	-5.482734e-01	-6.104226e-01	1.790356e-01	-1.530808e-17
1.128376e+00	8.328498e-01	0.000000e+00	0.000000e+00	-5.534990e-01	-6.144528e-01	1.773129e-01	-1.530808e-17
1.140509e+00	8.293684e-01	0.000000e+00	0.000000e+00	-5.587021e-01	-6.185036e-01	1.756411e-01	-1.530808e-17
1.152642e+00	8.258550e-01	0.000000e+00	0.000000e+00	-5.638825e-01	-6.225744e-01	1.740204e-01	-1.530808e-17
1.164775e+00	8.223099e-01	0.000000e+00	0.000000e+00	-5.690400e-01	-6.266645e-01	1.724510e-01	-1.530808e-17
1.176908e+00	8.187330e-01	0.000000e+00	0.000000e+00	-5.741744e-01	-6.307733e-01	1.709331e-01	-1.530808e-17
1.189041e+00	8.151247e-01	0.000000e+00	0.000000e+00	-5.792855e-01	-6.349002e-01	1.694671e-01	-1.530808e-17
1.201174e+00	8.114851e-01	0.000000e+00	0.000000e+00	-5.843731e-01	-6.390444e-01	1.680529e-01	-1.530808e-17
1.213307e+00	8.078143e-01	0.000000e+00	0.000000e+00	-5.894371e-01	-6.432053e-01	1.666910e-01	-1.530808e-17
1.225440e+00	8.041124e-01	0.000000e+00	0.000000e+00	-5.944773e-01	-6.473823e-01	1.653814e-01	-1.530808e-17
1.237573e+00	8.003797e-01	0.000000e+00	0.000000e+00	-5.994934e-01	-6.515746e-01	1.641244e-01	-1.530808e-17
1.249706e+00	7.966163e-01	0.000000e+00	0.000000e+00	-6.044853e-01	-6.557817e-01	1.629200e-01	-1.530808e-17
1.261840e+00	7.928224e-01	0.000000e+00	0.000000e+00	-6.094528e-01	-6.600029e-01	1.617685e-01	-1.530808e-17
1.273973e+00	7.889980e-01	0.000000e+00	0.000000e+00	-6.143957e-01	-6.642375e-01	1.606701e-01	-1.530808e-17
1.286106e+00	7.851435e-01	0.000000e+00	0.000000e+00	-6.193139e-01	-6.684848e-01	1.596248e-01	-1.530808e-17
1.298239e+00	7.812589e-01	0.000000e+00	0.000000e+00	-6.242071e-01	-6.727442e-01	1.586328e-01	-1.530808e-17
1.310372e+00	7.773444e-01	0.000000e+00	0.000000e+00	-6.290752e-01	-6.770149e-01	1.576943e-01	-1.530808e-17
1.322505e+00	7.734002e-01	0.000000e+00	0.000000e+00	-6.339180e-01	-6.812964e-01	1.568094e-01	-1.530808e-17
1.334638e+00	7.694265e-01	0.000000e+00	0.000000e+00	-6.387353e-01	-6.855880e-01	1.559781e-01	-1.530808e-17
1.346771e+00	7.654234e-01	0.000000e+00	0.000000e+00	-6.435270e-01	-6.898889e-01	1.552006e-01	-1.530808e-17
1.358904e+00	7.613911e-01	0.000000e+00	0.000000e+00	-6.482929e-01	-6.941985e-01	1.544769e-01	-1.530808e-17
1.371037e+00	7.573297e-01	0.000000e+00	0.000000e+00	-6.530327e-01	-6.985162e-01	1.538073e-01	-1.530808e-17
1.383170e+00	7.532395e-01	0.000000e+00	0.000000e+00	-6.577464e-01	-7.028412e-01	1.531916e-01	-1.530808e-17
1.395303e+00	7.491205e-01	0.000000e+00	0.000000e+00	-6.624337e-01	-7.071729e-01	1.526301e-01	-1.530808e-17
1.407436e+00	7.449731e-01	0.000000e+00	0.000000e+00	-6.670945e-01	-7.115106e-01	1.521228e-01	-1.530808e-17
1.419569e+00	7.407973e-01	0.000000e+00	0.000000e+00	-6.717286e-01	-7.158536e-01	1.516697e-01	-1.530808e-17
1.431703e+00	7.365933e-01	0.000000e+00	0.000000e+00	-6.763359e-01	-7.202012e-01	1.512708e-01	-1.530808e-17
1.443836e+00	7.323614e-01	0.000000e+00	0.000000e+00	-6.809162e-01	-7.245528e-01	1.509263e-01	-1.530808e-17
1.455969e+00	7.281016e-01	0.000000e+00	0.000000e+00	-6.854693e-01	-7.289077e-01	1.506361e-01	-1.530808e-17
1.468102e+00	7.238142e-01	0.000000e+00	0.000000e+00	-6.899950e-01	-7.332651e-01	1.504003e-01	-1.530808e-17
1.480235e+00	7.194993e-01	0.000000e+00	0.000000e+00	-6.944932e-01	-7.376246e-01	1.502189e-01	-1.530808e-17
1.492368e+00	7.151571e-01	0.000000e+00	0.000000e+00	-6.989637e-01	-7.419852e-01	1.500918e-01	-1.530808e-17
1.504501e+00	7.107879e-01	0.000000e+00	0.000000e+00	-7.034064e-01	-7.463464e-01	1.500191e-01	-1.530808e-17
1.516634e+00	7.063917e-01	-0.000000e+00	-0.000000e+00	-7.078211e-01	-7.507075e-01	1.500007e-01	-1.530808e-17
1.528767e+00	7.019688e-01	-0.000000e+00	-0.000000e+00	-7.122077e-01	-7.550679e-01	1.500367e-01	-1.530808e-17
1.540900e+00	6.975194e-01	-0.000000e+00	-0.000000e+00	-7.165659e-01	-7.594267e-01	1.501270e-01	-1.530808e-17
1.553033e+00	6.930435e-01	-0.000000e+00	-0.000000e+00	-7.208957e-01	-7.637835e-01	1.502715e-01	-1.530808e-17
1.565166e+00	6.885415e-01	-0.000000e+00	-0.000000e+00	-7.251969e-01	-7.681374e-01	1.504703e-01	-1.530808e-17
1.577299e+00	6.840136e-01	-0.000000e+00	-0.000000e+00	-7.294693e-01	-7.724878e-01	1.507232e-01	-1.530808e-17
1.589432e+00	6.794598e-01	-0.000000e+00	-0.000000e+00	-7.337128e-01	-7.768341e-01	1.510302e-01	-1.530808e-17
1.601566e+00	6.748804e-01	-0.000000e+00	-0.000000e+00	-7.379271e-01	-7.811755e-01	1.513912e-01	-1.530808e-17
1.613699e+00	6.702756e-01	-0.000000e+00	-0.000000e+00	-7.421123e-01	-7.855115e-01	1.518062e-01	-1.530808e-17
1.625832e+00	6.656455e-01	-0.000000e+00	-0.000000e+00	-7.462681e-01	-7.898412e-01	1.522750e-01	-1.530808e-17
1.637965e+00	6.609904e-01	-0.000000e+00	-0.000000e+00	-7.503944e-01	-7.941642e-01	1.527976e-01	-1.530808e-17
1.650098e+00	6.563104e-01	-0.000000e+00	-0.000000e+00	-7.544910e-01	-7.984796e-01	1.533738e-01	-1.530808e-17
1.662231e+00	6.516058e-01	-0.000000e+00	-0.000000e+00	-7.585577e-01	-8.027869e-01	1.540035e-01	-1.530808e-17
1.674364e+00	6.468767e-01	-0.000000e+00	-0.000000e+00	-7.625946e-01	-8.070853e-01	1.546867e-01	-1.530808e-17
1.686497e+00	6.421234e-01	-0.000000e+00	-0.000000e+00	-7.666013e-01	-8.113743e-01	1.554232e-01	-1.530808e-17
1.698630e+00	6.373459e-01	-0.000000e+00	-0.000000e+00	-7.705778e-01	-8.156531e-01	1.562128e-01	-1.530808e-17
1.710763e+00	6.325446e-01	-0.000000e+00	-0.000000e+00	-7.745239e-01	-8.199211e-01	1.570553e-01	-1.530808e-17
1.722896e+00	6.277196e-01	-0.000000e+00	-0.000000e+00	-7.784395e-01	-8.241777e-01	1.579508e-01	-1.530808e-17
1.735029e+00	6.228711e-01	-0.000000e+00	-0.000000e+00	-7.823245e-01	-8.284221e-01	1.588989e-01	-1.530808e-17
1.747162e+00	6.179993e-01	-0.000000e+00	-0.000000e+00	-7.861786e-01	-8.326538e-01	1.598995e-01	-1.530808e-17
1.759295e+00	6.131045e-01	-0.000000e+00	-0.000000e+00	-7.900019e-01	-8.368720e-01	1.609524e-01	-1.530808e-17
1.771429e+00	6.081867e-01	-0.000000e+00	-0.000000e+00	-7.937940e-01	-8.410763e-01	1.620575e-01	-1.530808e-17
1.783562e+00	6.032462e-01	-0.000000e+00	-0.000000e+00	-7.975550e-01	-8.452658e-01	1.632146e-01	-1.530808e-17
1.795695e+00	5.982833e-01	-0.000000e+00	-0.000000e+00	-8.012847e-01	-8.494400e-01	1.644233e-01	-1.530808e-17
1.807828e+00	5.932980e-01	-0.000000e+00	-0.000000e+00	-8.049829e-01	-8.535982e-01	1.656837e-01	-1.530808e-17
1.819961e+00	5.882907e-01	-0.000000e+00	-0.000000e+00	-8.086495e-01	-8.577398e-01	1.669953e-01	-1.530808e-17
1.832094e+00	5.832615e-01	-0.000000e+00	-0.000000e+00	-8.122845e-01	-8.618642e-01	1.683580e-01	-1.530808e-17
1.844227e+00	5.782106e-01	-0.000000e+00	-0.000000e+00	-8.158876e-01	-8.659708e-01	1.697716e-01	-1.530808e-17
1.856360e+00	5.731382e-01	-0.000000e+00	-0.000000e+00	-8.194587e-01	-8.700588e-01	1.712358e-01	-1.530808e-17
1.868493e+00	5.680446e-01	-0.000000e+00	-0.000000e+00	-8.229978e-01	-8.741278e-01	1.727504e-01	-1.530808e-17
1.880626e+00	5.629298e-01	-0.000000e+00	-0.000000e+00	-8.265047e-01	-8.781770e-01	1.743151e-01	-1.530808e-17
1.892759e+00	5.577943e-01	-0.000000e+00	-0.000000e+00	-8.299792e-01	-8.822059e-01	1.759296e-01	-1.530808e-17
1.904892e+00	5.526380e-01	-0.000000e+00	-0.000000e+00	-8.334214e-01	-8.862138e-01	1.775937e-01	-1.530808e-17
1.917025e+00	5.474614e-01	-0.000000e+00	-0.000000e+00	-8.368310e-01	-8.902002e-01	1.793072e-01	-1.530808e-17
1.929159e+00	5.422645e-01	-0.000000e+00	-0.000000e+00	-8.402079e-01	-8.941645e-01	1.810696e-01	-1.530808e-17
1.941292e+00	5.370475e-01	-0.000000e+00	-0.000000e+00	-8.435520e-01	-8.981060e-01	1.828807e-01	-1.530808e-17
1.953425e+00	5.318108e-01	-0.000000e+00	-0.000000e+00	-8.468632e-01	-9.020241e-01	1.847403e-01	-1.530808e-17
1.965558e+00	5.265544e-01	-0.000000e+00	-0.000000e+00	-8.501414e-01	-9.059183e-01	1.866480e-01	-1.530808e-17
1.977691e+00	5.212787e-01	-0.000000e+00	-0.000000e+00	-8.533865e-01	-9.097880e-01	1.886035e-01	-1.530808e-17
1.989824e+00	5.159837e-01	-0.000000e+00	-0.000000e+00	-8.565984e-01	-9.136326e-01	1.906064e-01	-1.530808e-17
2.001957e+00	5.106698e-01	-0.000000e+00	-0.000000e+00	-8.597769e-01	-9.174515e-01	1.926565e-01	-1.530808e-17
2.014090e+00	5.053371e-01	-0.000000e+00	-0.000000e+00	-8.629220e-01	-9.212441e-01	1.947534e-01	-1.530808e-17
2.026223e+00	4.999859e-01	-0.000000e+00	-0.000000e+00	-8.660336e-01	-9.250099e-01	1.968968e-01	-1.530808e-17
2.038356e+00	4.946163e-01	-0.000000e+00	-0.000000e+00	-8.691114e-01	-9.287483e-01	1.990863e-01	-1.530808e-17
2.050489e+00	4.892286e-01	-0.000000e+00	-0.000000e+00	-8.721556e-01	-9.324587e-01	2.013216e-01	-1.530808e-17
2.062622e+00	4.838230e-01	-0.000000e+00	-0.000000e+00	-8.751659e-01	-9.361407e-01	2.036022e-01	-1.530808e-17
2.074755e+00	4.783998e-01	-0.000000e+00	-0.000000e+00	-8.781422e-01	-9.397936e-01	2.059279e-01	-1.530808e-17
2.086888e+00	4.729590e-01	-0.000000e+00	-0.000000e+00	-8.810844e-01	-9.434169e-01	2.082982e-01	-1.530808e-17
2.099022e+00	4.675010e-01	-0.000000e+00	-0.000000e+00	-8.839926e-01	-9.470100e-01	2.107128e-01	-1.530808e-17
2.111155e+00	4.620259e-01	-0.000000e+00	-0.000000e+00	-8.868664e-01	-9.505724e-01	2.131713e-01	-1.530808e-17
2.123288e+00	4.565340e-01	-0.000000e+00	-0.000000e+00	-8.897060e-01	-9.541037e-01	2.156733e-01	-1.530808e-17
2.135421e+00	4.510255e-01	-0.000000e+00	-0.000000e+00	-8.925111e-01	-9.576032e-01	2.182183e-01	-1.530808e-17
2.147554e+00	4.455006e-01	-0.000000e+00	-0.000000e+00	-8.952816e-01	-9.610704e-01	2.208060e-01	-1.530808e-17
2.159687e+00	4.399595e-01	-0.000000e+00	-0.000000e+00	-8.980176e-01	-9.645049e-01	2.234360e-01	-1.530808e-17
2.171820e+00	4.344025e-01	-0.000000e+00	-0.000000e+00	-9.007188e-01	-9.679061e-01	2.261078e-01	-1.530808e-17
2.183953e+00	4.288298e-01	-0.000000e+00	-0.000000e+00	-9.033853e-01	-9.712735e-01	2.288210e-01	-1.530808e-17
2.196086e+00	4.232415e-01	-0.000000e+00	-0.000000e+00	-9.060169e-01	-9.746066e-01	2.315752e-01	-1.530808e-17
2.208219e+00	4.176379e-01	-0.000000e+00	-0.000000e+00	-9.086135e-01	-9.779050e-01	2.343700e-01	-1.530808e-17
2.220352e+00	4.120193e-01	-0.000000e+00	-0.000000e+00	-9.111751e-01	-9.811681e-01	2.372048e-01	-1.530808e-17
2.232485e+00	4.063858e-01	-0.000000e+00	-0.000000e+00	-9.137016e-01	-9.843954e-01	2.400792e-01	-1.530808e-17
2.244618e+00	4.007377e-01	-0.000000e+00	-0.000000e+00	-9.161928e-01	-9.875865e-01	2.429929e-01	-1.530808e-17
2.256751e+00	3.950752e-01	-0.000000e+00	-0.000000e+00	-9.186488e-01	-9.907409e-01	2.459453e-01	-1.530808e-17
2.268885e+00	3.893985e-01	-0.000000e+00	-0.000000e+00	-9.210694e-01	-9.938582e-01	2.489359e-01	-1.530808e-17
2.281018e+00	3.837078e-01	-0.000000e+00	-0.000000e+00	-9.234546e-01	-9.969378e-01	2.519643e-01	-1.530808e-17
2.293151e+00	3.780034e-01	-0.000000e+00	-0.000000e+00	-9.258042e-01	-9.999794e-01	2.550300e-01	-1.530808e-17
2.305284e+00	3.722854e-01	-0.000000e+00	-0.000000e+00	-9.281183e-01	-1.002982e+00	2.581326e-01	-1.530808e-17
2.317417e+00	3.665542e-01	-0.000000e+00	-0.000000e+00	-9.303967e-01	-1.005947e+00	2.612714e-01	-1.530808e-17
2.329550e+00	3.608099e-01	-0.000000e+00	-0.000000e+00	-9.326394e-01	-1.008871e+00	2.644461e-01	-1.530808e-17
2.341683e+00	3.550528e-01	-0.000000e+00	-0.000000e+00	-9.348463e-01	-1.011756e+00	2.676562e-01	-1.530808e-17
2.353816e+00	3.492830e-01	-0.000000e+00	-0.000000e+00	-9.370173e-01	-1.014601e+00	2.709011e-01	-1.530808e-17
2.365949e+00	3.435008e-01	-0.000000e+00	-0.000000e+00	-9.391524e-01	-1.017405e+00	2.741803e-01	-1.530808e-17
2.378082e+00	3.377065e-01	-0.000000e+00	-0.000000e+00	-9.412515e-01	-1.020168e+00	2.774933e-01	-1.530808e-17
2.390215e+00	3.319002e-01	-0.000000e+00	-0.000000e+00	-9.433145e-01	-1.022890e+00	2.808396e-01	-1.530808e-17
2.402348e+00	3.260822e-01	-0.000000e+00	-0.000000e+00	-9.453414e-01	-1.025569e+00	2.842187e-01	-1.530808e-17
2.414481e+00	3.202527e-01	-0.000000e+00	-0.000000e+00	-9.473321e-01	-1.028207e+00	2.876300e-01	-1.530808e-17
2.426614e+00	3.144120e-01	-0.000000e+00	-0.000000e+00	-9.492866e-01	-1.030802e+00	2.910730e-01	-1.530808e-17
2.438748e+00	3.085602e-01	-0.000000e+00	-0.000000e+00	-9.512048e-01	-1.033353e+00	2.945472e-01	-1.530808e-17
2.450881e+00	3.026976e-01	-0.000000e+00	-0.000000e+00	-9.530867e-01	-1.035862e+00	2.980521e-01	-1.530808e-17
2.463014e+00	2.968244e-01	-0.000000e+00	-0.000000e+00	-9.549321e-01	-1.038327e+00	3.015870e-01	-1.530808e-17
2.475147e+00	2.909408e-01	-0.000000e+00	-0.000000e+00	-9.567410e-01	-1.040747e+00	3.051515e-01	-1.530808e-17
2.487280e+00	2.850471e-01	-0.000000e+00	-0.000000e+00	-9.585135e-01	-1.043124e+00	3.087449e-01	-1.530808e-17
2.499413e+00	2.791436e-01	-0.000000e+00	-0.000000e+00	-9.602494e-01	-1.045455e+00	3.123668e-01	-1.530808e-17
2.511546e+00	2.732303e-01	-0.000000e+00	-0.000000e+00	-9.619487e-01	-1.047742e+00	3.160165e-01	-1.530808e-17
2.523679e+00	2.673076e-01	-0.000000e+00	-0.000000e+00	-9.636113e-01	-1.049983e+00	3.196936e-01	-1.530808e-17
2.535812e+00	2.613756e-01	-0.000000e+00	-0.000000e+00	-9.652372e-01	-1.052178e+00	3.233974e-01	-1.530808e-17
2.547945e+00	2.554347e-01	-0.000000e+00	-0.000000e+00	-9.668263e-01	-1.054327e+00	3.271273e-01	-1.530808e-17
2.560078e+00	2.494850e-01	-0.000000e+00	-0.000000e+00	-9.683787e-01	-1.056430e+00	3.308828e-01	-1.530808e-17
2.572211e+00	2.435268e-01	-0.000000e+00	-0.000000e+00	-9.698942e-01	-1.058486e+00	3.346633e-01	-1.530808e-17
2.584344e+00	2.375603e-01	-0.000000e+00	-0.000000e+00	-9.713728e-01	-1.060496e+00	3.384683e-01	-1.530808e-17
2.596477e+00	2.315857e-01	-0.000000e+00	-0.000000e+00	-9.728145e-01	-1.062458e+00	3.422971e-01	-1.530808e-17
2.608611e+00	2.256032e-01	-0.000000e+00	-0.000000e+00	-9.742193e-01	-1.064372e+00	3.461491e-01	-1.530808e-17
2.620744e+00	2.196132e-01	-0.000000e+00	-0.000000e+00	-9.755870e-01	-1.066239e+00	3.500238e-01	-1.530808e-17
2.632877e+00	2.136157e-01	-0.000000e+00	-0.000000e+00	-9.769178e-01	-1.068058e+00	3.539205e-01	-1.530808e-17
2.645010e+00	2.076111e-01	-0.000000e+00	-0.000000e+00	-9.782114e-01	-1.069828e+00	3.578387e-01	-1.530808e-17
2.657143e+00	2.015996e-01	-0.000000e+00	-0.000000e+00	-9.794680e-01	-1.071550e+00	3.617777e-01	-1.530808e-17
2.669276e+00	1.955814e-01	-0.000000e+00	-0.000000e+00	-9.806875e-01	-1.073224e+00	3.657371e-01	-1.530808e-17
2.681409e+00	1.895567e-01	-0.000000e+00	-0.000000e+00	-9.818698e-01	-1.074848e+00	3.697160e-01	-1.530808e-17
2.693542e+00	1.835258e-01	-0.000000e+00	-0.000000e+00	-9.830149e-01	-1.076423e+00	3.737140e-01	-1.530808e-17
2.705675e+00	1.774888e-01	-0.000000e+00	-0.000000e+00	-9.841228e-01	-1.077948e+00	3.777304e-01	-1.530808e-17
2.717808e+00	1.714461e-01	-0.000000e+00	-0.000000e+00	-9.851935e-01	-1.079424e+00	3.817647e-01	-1.530808e-17
2.729941e+00	1.653978e-01	-0.000000e+00	-0.000000e+00	-9.862269e-01	-1.080850e+00	3.858161e-01	-1.530808e-17
2.742074e+00	1.593443e-01	-0.000000e+00	-0.000000e+00	-9.872231e-01	-1.082227e+00	3.898842e-01	-1.530808e-17
2.754207e+00	1.532856e-01	-0.000000e+00	-0.000000e+00	-9.881819e-01	-1.083552e+00	3.939682e-01	-1.530808e-17
2.766341e+00	1.472221e-01	-0.000000e+00	-0.000000e+00	-9.891035e-01	-1.084828e+00	3.980675e-01	-1.530808e-17
2.778474e+00	1.411539e-01	-0.000000e+00	-0.000000e+00	-9.899877e-01	-1.086053e+00	4.021816e-01	-1.530808e-17
2.790607e+00	1.350814e-01	-0.000000e+00	-0.000000e+00	-9.908345e-01	-1.087227e+00	4.063097e-01	-1.530808e-17
2.802740e+00	1.290046e-01	-0.000000e+00	-0.000000e+00	-9.916440e-01	-1.088350e+00	4.104513e-01	-1.530808e-17
2.814873e+00	1.229240e-01	-0.000000e+00	-0.000000e+00	-9.924161e-01	-1.089423e+00	4.146058e-01	-1.530808e-17
2.827006e+00	1.168396e-01	-0.000000e+00	-0.000000e+00	-9.931508e-01	-1.090444e+00	4.187724e-01	-1.530808e-17
2.839139e+00	1.107518e-01	-0.000000e+00	-0.000000e+00	-9.938481e-01	-1.091414e+00	4.229507e-01	-1.530808e-17
2.851272e+00	1.046607e-01	-0.000000e+00	-0.000000e+00	-9.945080e-01	-1.092332e+00	4.271398e-01	-1.530808e-17
2.863405e+00	9.856664e-02	-0.000000e+00	-0.000000e+00	-9.951305e-01	-1.093199e+00	4.313393e-01	-1.530808e-17
2.875538e+00	9.246976e-02	-0.000000e+00	-0.000000e+00	-9.957155e-01	-1.094015e+00	4.355485e-01	-1.530808e-17
2.887671e+00	8.637033e-02	-0.000000e+00	-0.000000e+00	-9.962631e-01	-1.094778e+00	4.397667e-01	-1.530808e-17
2.899804e+00	8.026857e-02	-0.000000e+00	-0.000000e+00	-9.967733e-01	-1.095490e+00	4.439933e-01	-1.530808e-17
2.911937e+00	7.416471e-02	-0.000000e+00	-0.000000e+00	-9.972460e-01	-1.096150e+00	4.482277e-01	-1.530808e-17
2.924070e+00	6.805899e-02	-0.000000e+00	-0.000000e+00	-9.976813e-01	-1.096758e+00	4.524692e-01	-1.530808e-17
2.936204e+00	6.195163e-02	-0.000000e+00	-0.000000e+00	-9.980792e-01	-1.097313e+00	4.567172e-01	-1.530808e-17
2.948337e+00	5.584287e-02	-0.000000e+00	-0.000000e+00	-9.984396e-01	-1.097817e+00	4.609710e-01	-1.530808e-17
2.960470e+00	4.973293e-02	-0.000000e+00	-0.000000e+00	-9.987626e-01	-1.098269e+00	4.652300e-01	-1.530808e-17
2.972603e+00	4.362203e-02	-0.000000e+00	-0.000000e+00	-9.990481e-01	-1.098668e+00	4.694936e-01	-1.530808e-17
2.984736e+00	3.751042e-02	-0.000000e+00	-0.000000e+00	-9.992962e-01	-1.099015e+00	4.737612e-01	-1.530808e-17
2.996869e+00	3.139832e-02	-0.000000e+00	-0.000000e+00	-9.995070e-01	-1.099310e+00	4.780320e-01	-1.530808e-17
3.009002e+00	2.528596e-02	-0.000000e+00	-0.000000e+00	-9.996803e-01	-1.099552e+00	4.823055e-01	-1.530808e-17
3.021135e+00	1.917356e-02	-0.000000e+00	-0.000000e+00	-9.998162e-01	-1.099743e+00	4.865810e-01	-1.530808e-17
3.033268e+00	1.306136e-02	-0.000000e+00	-0.000000e+00	-9.999147e-01	-1.099881e+00	4.908578e-01	-1.530808e-17
3.045401e+00	6.949578e-03	-0.000000e+00	-0.000000e+00	-9.999759e-01	-1.099966e+00	4.951354e-01	-1.530808e-17
3.057534e+00	8.384502e-04	-0.000000e+00	-0.000000e+00	-9.999996e-01	-1.100000e+00	4.994131e-01	-1.530808e-17
3.069667e+00	5.271798e-03	0.000000e+00	0.000000e+00	9.999861e-01	-1.099981e+00	5.036902e-01	-1.530808e-17
3.081800e+00	1.138094e-02	0.000000e+00	0.000000e+00	9.999352e-01	-1.099909e+00	5.079661e-01	-1.530808e-17
3.093933e+00	1.748875e-02	0.000000e+00	0.000000e+00	9.998471e-01	-1.099786e+00	5.122402e-01	-1.530808e-17
3.106067e+00	2.359499e-02	0.000000e+00	0.000000e+00	9.997216e-01	-1.099610e+00	5.165119e-01	-1.530808e-17
3.118200e+00	2.969945e-02	0.000000e+00	0.000000e+00	9.995589e-01	-1.099383e+00	5.207804e-01	-1.530808e-17
3.130333e+00	3.580189e-02	0.000000e+00	0.000000e+00	9.993589e-01	-1.099103e+00	5.250453e-01	-1.530808e-17
3.142466e+00	4.190209e-02	0.000000e+00	0.000000e+00	9.991217e-01	-1.098771e+00	5.293057e-01	-1.530808e-17
3.154599e+00	4.799982e-02	0.000000e+00	0.000000e+00	9.988473e-01	-1.098387e+00	5.335611e-01	-1.530808e-17
3.166732e+00	5.409485e-02	0.000000e+00	0.000000e+00	9.985358e-01	-1.097952e+00	5.378110e-01	-1.530808e-17
3.178865e+00	6.018697e-02	0.000000e+00	0.000000e+00	9.981871e-01	-1.097464e+00	5.420545e-01	-1.530808e-17
3.190998e+00	6.627594e-02	0.000000e+00	0.000000e+00	9.978013e-01	-1.096925e+00	5.462912e-01	-1.530808e-17
3.203131e+00	7.236154e-02	0.000000e+00	0.000000e+00	9.973785e-01	-1.096335e+00	5.505203e-01	-1.530808e-17
3.215264e+00	7.844354e-02	0.000000e+00	0.000000e+00	9.969186e-01	-1.095693e+00	5.547413e-01	-1.530808e-17
3.227397e+00	8.452172e-02	0.000000e+00	0.000000e+00	9.964216e-01	-1.094999e+00	5.589535e-01	-1.530808e-17
3.239530e+00	9.059586e-02	0.000000e+00	0.000000e+00	9.958877e-01	-1.094255e+00	5.631563e-01	-1.530808e-17
3.251663e+00	9.666573e-02	0.000000e+00	0.000000e+00	9.953169e-01	-1.093459e+00	5.673491e-01	-1.530808e-17
3.263796e+00	1.027311e-01	0.000000e+00	0.000000e+00	9.947092e-01	-1.092612e+00	5.715313e-01	-1.530808e-17
3.275930e+00	1.087918e-01	0.000000e+00	0.000000e+00	9.940646e-01	-1.091715e+00	5.757022e-01	-1.530808e-17
3.288063e+00	1.148475e-01	0.000000e+00	0.000000e+00	9.933831e-01	-1.090767e+00	5.798613e-01	-1.530808e-17
3.300196e+00	1.208980e-01	0.000000e+00	0.000000e+00	9.926649e-01	-1.089769e+00	5.840079e-01	-1.530808e-17
3.312329e+00	1.269432e-01	0.000000e+00	0.000000e+00	9.919100e-01	-1.088720e+00	5.881414e-01	-1.530808e-17
3.324462e+00	1.329828e-01	0.000000e+00	0.000000e+00	9.911183e-01	-1.087621e+00	5.922612e-01	-1.530808e-17
3.336595e+00	1.390165e-01	0.000000e+00	0.000000e+00	9.902901e-01	-1.086472e+00	5.963667e-01	-1.530808e-17
3.348728e+00	1.450442e-01	0.000000e+00	0.000000e+00	9.894252e-01	-1.085274e+00	6.004573e-01	-1.530808e-17
3.360861e+00	1.510657e-01	0.000000e+00	0.000000e+00	9.885237e-01	-1.084025e+00	6.045324e-01	-1.530808e-17
3.372994e+00	1.570806e-01	0.000000e+00	0.000000e+00	9.875858e-01	-1.082728e+00	6.085914e-01	-1.530808e-17
3.385127e+00	1.630888e-01	0.000000e+00	0.000000e+00	9.866114e-01	-1.081381e+00	6.126337e-01	-1.530808e-17
3.397260e+00	1.690901e-01	0.000000e+00	0.000000e+00	9.856006e-01	-1.079986e+00	6.166587e-01	-1.530808e-17
3.409393e+00	1.750843e-01	0.000000e+00	0.000000e+00	9.845534e-01	-1.078542e+00	6.206659e-01	-1.530808e-17
3.421526e+00	1.810711e-01	0.000000e+00	0.000000e+00	9.834700e-01	-1.077049e+00	6.246546e-01	-1.530808e-17
3.433659e+00	1.870503e-01	0.000000e+00	0.000000e+00	9.823503e-01	-1.075509e+00	6.286242e-01	-1.530808e-17
3.445793e+00	1.930217e-01	0.000000e+00	0.000000e+00	9.811945e-01	-1.073920e+00	6.325743e-01	-1.530808e-17
3.457926e+00	1.989850e-01	0.000000e+00	0.000000e+00	9.800025e-01	-1.072283e+00	6.365041e-01	-1.530808e-17
3.470059e+00	2.049402e-01	0.000000e+00	0.000000e+00	9.787745e-01	-1.070600e+00	6.404132e-01	-1.530808e-17
3.482192e+00	2.108869e-01	0.000000e+00	0.000000e+00	9.775105e-01	-1.068869e+00	6.443009e-01	-1.530808e-17
3.494325e+00	2.168249e-01	0.000000e+00	0.000000e+00	9.762105e-01	-1.067091e+00	6.481667e-01	-1.530808e-17
3.506458e+00	2.227540e-01	0.000000e+00	0.000000e+00	9.748747e-01	-1.065266e+00	6.520101e-01	-1.530808e-17
3.518591e+00	2.286740e-01	0.000000e+00	0.000000e+00	9.735030e-01	-1.063396e+00	6.558304e-01	-1.530808e-17
3.530724e+00	2.345847e-01	0.000000e+00	0.000000e+00	9.720957e-01	-1.061479e+00	6.596272e-01	-1.530808e-17
3.542857e+00	2.404859e-01	0.000000e+00	0.000000e+00	9.706526e-01	-1.059517e+00	6.633998e-01	-1.530808e-17
3.554990e+00	2.463774e-01	0.000000e+00	0.000000e+00	9.691740e-01	-1.057509e+00	6.671478e-01	-1.530808e-17
3.567123e+00	2.522589e-01	0.000000e+00	0.000000e+00	9.676598e-01	-1.055456e+00	6.708705e-01	-1.530808e-17
3.579256e+00	2.581302e-01	0.000000e+00	0.000000e+00	9.661101e-01	-1.053358e+00	6.745675e-01	-1.530808e-17
3.591389e+00	2.639911e-01	0.000000e+00	0.000000e+00	9.645251e-01	-1.051216e+00	6.782382e-01	-1.530808e-17
3.603523e+00	2.698415e-01	0.000000e+00	0.000000e+00	9.629048e-01	-1.049030e+00	6.818821e-01	-1.530808e-17
3.615656e+00	2.756810e-01	0.000000e+00	0.000000e+00	9.612492e-01	-1.046800e+00	6.854987e-01	-1.530808e-17
3.627789e+00	2.815095e-01	0.000000e+00	0.000000e+00	9.595584e-01	-1.044527e+00	6.890874e-01	-1.530808e-17
3.639922e+00	2.873269e-01	0.000000e+00	0.000000e+00	9.578326e-01	-1.042210e+00	6.926477e-01	-1.530808e-17
3.652055e+00	2.931327e-01	0.000000e+00	0.000000e+00	9.560718e-01	-1.039851e+00	6.961791e-01	-1.530808e-17
3.664188e+00	2.989270e-01	0.000000e+00	0.000000e+00	9.542760e-01	-1.037450e+00	6.996812e-01	-1.530808e-17
3.676321e+00	3.047094e-01	0.000000e+00	0.000000e+00	9.524454e-01	-1.035007e+00	7.031533e-01	-1.530808e-17
3.688454e+00	3.104797e-01	0.000000e+00	0.000000e+00	9.505800e-01	-1.032522e+00	7.065951e-01	-1.530808e-17
3.700587e+00	3.162378e-01	0.000000e+00	0.000000e+00	9.486800e-01	-1.029996e+00	7.100059e-01	-1.530808e-17
3.712720e+00	3.219834e-01	0.000000e+00	0.000000e+00	9.467453e-01	-1.027429e+00	7.133854e-01	-1.530808e-17
3.724853e+00	3.277163e-01	0.000000e+00	0.000000e+00	9.447762e-01	-1.024821e+00	7.167330e-01	-1.530808e-17
3.736986e+00	3.334364e-01	0.000000e+00	0.000000e+00	9.427726e-01	-1.022174e+00	7.200483e-01	-1.530808e-17
3.749119e+00	3.391433e-01	0.000000e+00	0.000000e+00	9.407347e-01	-1.019487e+00	7.233307e-01	-1.530808e-17
3.761252e+00	3.448370e-01	0.000000e+00	0.000000e+00	9.386626e-01	-1.016761e+00	7.265799e-01	-1.530808e-17
3.773386e+00	3.505172e-01	0.000000e+00	0.000000e+00	9.365563e-01	-1.013996e+00	7.297954e-01	-1.530808e-17
3.785519e+00	3.561837e-01	0.000000e+00	0.000000e+00	9.344160e-01	-1.011193e+00	7.329766e-01	-1.530808e-17
3.797652e+00	3.618363e-01	0.000000e+00	0.000000e+00	9.322417e-01	-1.008352e+00	7.361232e-01	-1.530808e-17
3.809785e+00	3.674748e-01	0.000000e+00	0.000000e+00	9.300335e-01	-1.005474e+00	7.392347e-01	-1.530808e-17
3.821918e+00	3.730990e-01	0.000000e+00	0.000000e+00	9.277915e-01	-1.002558e+00	7.423107e-01	-1.530808e-17
3.834051e+00	3.787087e-01	0.000000e+00	0.000000e+00	9.255159e-01	-9.996058e-01	7.453506e-01	-1.530808e-17
3.846184e+00	3.843037e-01	0.000000e+00	0.000000e+00	9.232067e-01	-9.966175e-01	7.483542e-01	-1.530808e-17
3.858317e+00	3.898838e-01	0.000000e+00	0.000000e+00	9.208641e-01	-9.935934e-01	7.513210e-01	-1.530808e-17
3.870450e+00	3.954488e-01	0.000000e+00	0.000000e+00	9.184880e-01	-9.905341e-01	7.542505e-01	-1.530808e-17
3.882583e+00	4.009986e-01	0.000000e+00	0.000000e+00	9.160787e-01	-9.874401e-01	7.571424e-01	-1.530808e-17
3.894716e+00	4.065328e-01	0.000000e+00	0.000000e+00	9.136362e-01	-9.843117e-01	7.599962e-01	-1.530808e-17
3.906849e+00	4.120514e-01	0.000000e+00	0.000000e+00	9.111606e-01	-9.811495e-01	7.628115e-01	-1.530808e-17
3.918982e+00	4.175541e-01	0.000000e+00	0.000000e+00	9.086521e-01	-9.779540e-01	7.655880e-01	-1.530808e-17
3.931115e+00	4.230407e-01	0.000000e+00	0.000000e+00	9.061107e-01	-9.747256e-01	7.683252e-01	-1.530808e-17
3.943249e+00	4.285111e-01	0.000000e+00	0.000000e+00	9.035365e-01	-9.714648e-01	7.710228e-01	-1.530808e-17
3.955382e+00	4.339650e-01	0.000000e+00	0.000000e+00	9.009297e-01	-9.681721e-01	7.736804e-01	-1.530808e-17
3.967515e+00	4.394022e-01	0.000000e+00	0.000000e+00	8.982904e-01	-9.648480e-01	7.762976e-01	-1.530808e-17
3.979648e+00	4.448226e-01	0.000000e+00	0.000000e+00	8.956187e-01	-9.614930e-01	7.788740e-01	-1.530808e-17
3.991781e+00	4.502260e-01	0.000000e+00	0.000000e+00	8.929146e-01	-9.581076e-01	7.814094e-01	-1.530808e-17
4.003914e+00	4.556122e-01	0.000000e+00	0.000000e+00	8.901784e-01	-9.546923e-01	7.839033e-01	-1.530808e-17
4.016047e+00	4.609809e-01	0.000000e+00	0.000000e+00	8.874100e-01	-9.512476e-01	7.863554e-01	-1.530808e-17
4.028180e+00	4.663321e-01	0.000000e+00	0.000000e+00	8.846097e-01	-9.477741e-01	7.887653e-01	-1.530808e-17
4.040313e+00	4.716655e-01	0.000000e+00	0.000000e+00	8.817776e-01	-9.442722e-01	7.911328e-01	-1.530808e-17
4.052446e+00	4.769809e-01	0.000000e+00	0.000000e+00	8.789137e-01	-9.407425e-01	7.934575e-01	-1.530808e-17
4.064579e+00	4.822781e-01	0.000000e+00	0.000000e+00	8.760182e-01	-9.371855e-01	7.957391e-01	-1.530808e-17
4.076712e+00	4.875570e-01	0.000000e+00	0.000000e+00	8.730912e-01	-9.336017e-01	7.979772e-01	-1.530808e-17
4.088845e+00	4.928174e-01	0.000000e+00	0.000000e+00	8.701328e-01	-9.299917e-01	8.001716e-01	-1.530808e-17
4.100978e+00	4.980590e-01	0.000000e+00	0.000000e+00	8.671431e-01	-9.263560e-01	8.023219e-01	-1.530808e-17
4.113112e+00	5.032818e-01	0.000000e+00	0.000000e+00	8.641224e-01	-9.226952e-01	8.044279e-01	-1.530808e-17
4.125245e+00	5.084855e-01	0.000000e+00	0.000000e+00	8.610706e-01	-9.190098e-01	8.064893e-01	-1.530808e-17
4.137378e+00	5.136699e-01	0.000000e+00	0.000000e+00	8.579879e-01	-9.153003e-01	8.085058e-01	-1.530808e-17
4.149511e+00	5.188349e-01	0.000000e+00	0.000000e+00	8.548745e-01	-9.115672e-01	8.104771e-01	-1.530808e-17
4.161644e+00	5.239803e-01	0.000000e+00	0.000000e+00	8.517304e-01	-9.078113e-01	8.124030e-01	-1.530808e-17
4.173777e+00	5.291059e-01	0.000000e+00	0.000000e+00	8.485558e-01	-9.040329e-01	8.142831e-01	-1.530808e-17
4.185910e+00	5.342115e-01	0.000000e+00	0.000000e+00	8.453509e-01	-9.002327e-01	8.161173e-01	-1.530808e-17
4.198043e+00	5.392970e-01	0.000000e+00	0.000000e+00	8.421157e-01	-8.964112e-01	8.179053e-01	-1.530808e-17
4.210176e+00	5.443621e-01	0.000000e+00	0.000000e+00	8.388503e-01	-8.925689e-01	8.196468e-01	-1.530808e-17
4.222309e+00	5.494067e-01	0.000000e+00	0.000000e+00	8.355550e-01	-8.887066e-01	8.213417e-01	-1.530808e-17
4.234442e+00	5.544307e-01	0.000000e+00	0.000000e+00	8.322299e-01	-8.848246e-01	8.229897e-01	-1.530808e-17
4.246575e+00	5.594338e-01	0.000000e+00	0.000000e+00	8.288750e-01	-8.809237e-01	8.245905e-01	-1.530808e-17
4.258708e+00	5.644159e-01	0.000000e+00	0.000000e+00	8.254906e-01	-8.770043e-01	8.261440e-01	-1.530808e-17
4.270841e+00	5.693768e-01	0.000000e+00	0.000000e+00	8.220767e-01	-8.730670e-01	8.276500e-01	-1.530808e-17
4.282975e+00	5.743164e-01	0.000000e+00	0.000000e+00	8.186334e-01	-8.691125e-01	8.291082e-01	-1.530808e-17
4.295108e+00	5.792344e-01	0.000000e+00	0.000000e+00	8.151610e-01	-8.651413e-01	8.305185e-01	-1.530808e-17
4.307241e+00	5.841307e-01	0.000000e+00	0.000000e+00	8.116596e-01	-8.611539e-01	8.318807e-01	-1.530808e-17
4.319374e+00	5.890052e-01	0.000000e+00	0.000000e+00	8.081293e-01	-8.571511e-01	8.331946e-01	-1.530808e-17
4.331507e+00	5.938576e-01	0.000000e+00	0.000000e+00	8.045702e-01	-8.531332e-01	8.344601e-01	-1.530808e-17
4.343640e+00	5.986878e-01	0.000000e+00	0.000000e+00	8.009825e-01	-8.491011e-01	8.356769e-01	-1.530808e-17
4.355773e+00	6.034956e-01	0.000000e+00	0.000000e+00	7.973663e-01	-8.450551e-01	8.368450e-01	-1.530808e-17
4.367906e+00	6.082809e-01	0.000000e+00	0.000000e+00	7.937218e-01	-8.409960e-01	8.379641e-01	-1.530808e-17
4.380039e+00	6.130435e-01	0.000000e+00	0.000000e+00	7.900491e-01	-8.369243e-01	8.390342e-01	-1.530808e-17
4.392172e+00	6.177833e-01	0.000000e+00	0.000000e+00	7.863484e-01	-8.328407e-01	8.400550e-01	-1.530808e-17
4.404305e+00	6.225000e-01	0.000000e+00	0.000000e+00	7.826198e-01	-8.287456e-01	8.410266e-01	-1.530808e-17
4.416438e+00	6.271936e-01	0.000000e+00	0.000000e+00	7.788634e-01	-8.246397e-01	8.419487e-01	-1.530808e-17
4.428571e+00	6.318638e-01	0.000000e+00	0.000000e+00	7.750794e-01	-8.205237e-01	8.428213e-01	-1.530808e-17
4.440705e+00	6.365105e-01	0.000000e+00	0.000000e+00	7.712680e-01	-8.163980e-01	8.436441e-01	-1.530808e-17
4.452838e+00	6.411336e-01	0.000000e+00	0.000000e+00	7.674293e-01	-8.122634e-01	8.444173e-01	-1.530808e-17
4.464971e+00	6.457329e-01	0.000000e+00	0.000000e+00	7.635634e-01	-8.081203e-01	8.451406e-01	-1.530808e-17
4.477104e+00	6.503082e-01	0.000000e+00	0.000000e+00	7.596705e-01	-8.039695e-01	8.458140e-01	-1.530808e-17
4.489237e+00	6.548593e-01	0.000000e+00	0.000000e+00	7.557508e-01	-7.998115e-01	8.464373e-01	-1.530808e-17
4.501370e+00	6.593862e-01	0.000000e+00	0.000000e+00	7.518044e-01	-7.956469e-01	8.470106e-01	-1.530808e-17
4.513503e+00	6.638887e-01	0.000000e+00	0.000000e+00	7.478314e-01	-7.914763e-01	8.475338e-01	-1.530808e-17
4.525636e+00	6.683666e-01	0.000000e+00	0.000000e+00	7.438321e-01	-7.873003e-01	8.480067e-01	-1.530808e-17
4.537769e+00	6.728197e-01	0.000000e+00	0.000000e+00	7.398065e-01	-7.831195e-01	8.484295e-01	-1.530808e-17
4.549902e+00	6.772480e-01	0.000000e+00	0.000000e+00	7.357548e-01	-7.789346e-01	8.488019e-01	-1.530808e-17
4.562035e+00	6.816512e-01	0.000000e+00	0.000000e+00	7.316772e-01	-7.747461e-01	8.491241e-01	-1.530808e-17
4.574168e+00	6.860293e-01	0.000000e+00	0.000000e+00	7.275739e-01	-7.705547e-01	8.493959e-01	-1.530808e-17
4.586301e+00	6.903820e-01	0.000000e+00	0.000000e+00	7.234450e-01	-7.663608e-01	8.496174e-01	-1.530808e-17
4.598434e+00	6.947093e-01	0.000000e+00	0.000000e+00	7.192906e-01	-7.621653e-01	8.497885e-01	-1.530808e-17
4.610568e+00	6.990110e-01	0.000000e+00	0.000000e+00	7.151109e-01	-7.579686e-01	8.499093e-01	-1.530808e-17
4.622701e+00	7.032869e-01	0.000000e+00	0.000000e+00	7.109062e-01	-7.537713e-01	8.499797e-01	-1.530808e-17
4.634834e+00	7.075369e-01	0.000000e+00	0.000000e+00	7.066764e-01	-7.495741e-01	8.499997e-01	-1.530808e-17
4.646967e+00	7.117608e-01	0.000000e+00	0.000000e+00	7.024219e-01	-7.453776e-01	8.499695e-01	-1.530808e-17
4.659100e+00	7.159586e-01	0.000000e+00	0.000000e+00	6.981427e-01	-7.411823e-01	8.498889e-01	-1.530808e-17
4.671233e+00	7.201301e-01	0.000000e+00	0.000000e+00	6.938391e-01	-7.369889e-01	8.497581e-01	-1.530808e-17
4.683366e+00	7.242750e-01	0.000000e+00	0.000000e+00	6.895112e-01	-7.327980e-01	8.495770e-01	-1.530808e-17
4.695499e+00	7.283934e-01	0.000000e+00	0.000000e+00	6.851591e-01	-7.286101e-01	8.493458e-01	-1.530808e-17
4.707632e+00	7.324851e-01	0.000000e+00	0.000000e+00	6.807831e-01	-7.244259e-01	8.490644e-01	-1.530808e-17
4.719765e+00	7.365499e-01	0.000000e+00	0.000000e+00	6.763832e-01	-7.202460e-01	8.487330e-01	-1.530808e-17
4.731898e+00	7.405877e-01	0.000000e+00	0.000000e+00	6.719598e-01	-7.160709e-01	8.483516e-01	-1.530808e-17
4.744031e+00	7.445983e-01	0.000000e+00	0.000000e+00	6.675128e-01	-7.119014e-01	8.479202e-01	-1.530808e-17
4.756164e+00	7.485817e-01	0.000000e+00	0.000000e+00	6.630426e-01	-7.077378e-01	8.474391e-01	-1.530808e-17
4.768297e+00	7.525377e-01	0.000000e+00	0.000000e+00	6.585492e-01	-7.035810e-01	8.469082e-01	-1.530808e-17
4.780431e+00	7.564661e-01	0.000000e+00	0.000000e+00	6.540329e-01	-6.994313e-01	8.463276e-01	-1.530808e-17
4.792564e+00	7.603669e-01	0.000000e+00	0.000000e+00	6.494938e-01	-6.952895e-01	8.456975e-01	-1.530808e-17
4.804697e+00	7.642399e-01	0.000000e+00	0.000000e+00	6.449321e-01	-6.911562e-01	8.450180e-01	-1.530808e-17
4.816830e+00	7.680850e-01	0.000000e+00	0.000000e+00	6.403480e-01	-6.870319e-01	8.442891e-01	-1.530808e-17
4.828963e+00	7.719020e-01	0.000000e+00	0.000000e+00	6.357415e-01	-6.829171e-01	8.435111e-01	-1.530808e-17
4.841096e+00	7.756909e-01	0.000000e+00	0.000000e+00	6.311130e-01	-6.788126e-01	8.426840e-01	-1.530808e-17
4.853229e+00	7.794515e-01	0.000000e+00	0.000000e+00	6.264626e-01	-6.747188e-01	8.418080e-01	-1.530808e-17
4.865362e+00	7.831836e-01	0.000000e+00	0.000000e+00	6.217905e-01	-6.706364e-01	8.408833e-01	-1.530808e-17
4.877495e+00	7.868873e-01	0.000000e+00	0.000000e+00	6.170968e-01	-6.665659e-01	8.399099e-01	-1.530808e-17
4.889628e+00	7.905623e-01	0.000000e+00	0.000000e+00	6.123817e-01	-6.625079e-01	8.388881e-01	-1.530808e-17
4.901761e+00	7.942085e-01	0.000000e+00	0.000000e+00	6.076453e-01	-6.584630e-01	8.378180e-01	-1.530808e-17
4.913894e+00	7.978258e-01	0.000000e+00	0.000000e+00	6.028880e-01	-6.544318e-01	8.366997e-01	-1.530808e-17
4.926027e+00	8.014142e-01	0.000000e+00	0.000000e+00	5.981098e-01	-6.504147e-01	8.355336e-01	-1.530808e-17
4.938160e+00	8.049734e-01	0.000000e+00	0.000000e+00	5.933109e-01	-6.464125e-01	8.343197e-01	-1.530808e-17
4.950294e+00	8.085033e-01	0.000000e+00	0.000000e+00	5.884916e-01	-6.424256e-01	8.330582e-01	-1.530808e-17
4.962427e+00	8.120040e-01	0.000000e+00	0.000000e+00	5.836519e-01	-6.384547e-01	8.317494e-01	-1.530808e-17
4.974560e+00	8.154751e-01	0.000000e+00	0.000000e+00	5.787921e-01	-6.345002e-01	8.303934e-01	-1.530808e-17
4.986693e+00	8.189167e-01	0.000000e+00	0.000000e+00	5.739124e-01	-6.305628e-01	8.289905e-01	-1.530808e-17
4.998826e+00	8.223286e-01	0.000000e+00	0.000000e+00	5.690129e-01	-6.266430e-01	8.275409e-01	-1.530808e-17
5.010959e+00	8.257107e-01	0.000000e+00	0.000000e+00	5.640938e-01	-6.227413e-01	8.260448e-01	-1.530808e-17
5.023092e+00	8.290629e-01	0.000000e+00	0.000000e+00	5.591553e-01	-6.188583e-01	8.245025e-01	-1.530808e-17
5.035225e+00	8.323851e-01	0.000000e+00	0.000000e+00	5.541976e-01	-6.149945e-01	8.229141e-01	-1.530808e-17
5.047358e+00	8.356772e-01	0.000000e+00	0.000000e+00	5.492209e-01	-6.111505e-01	8.212800e-01	-1.530808e-17
5.059491e+00	8.389391e-01	0.000000e+00	0.000000e+00	5.442253e-01	-6.073268e-01	8.196003e-01	-1.530808e-17
5.071624e+00	8.421707e-01	0.000000e+00	0.000000e+00	5.392111e-01	-6.035240e-01	8.178754e-01	-1.530808e-17
5.083757e+00	8.453718e-01	0.000000e+00	0.000000e+00	5.341784e-01	-5.997426e-01	8.161055e-01	-1.530808e-17
5.095890e+00	8.485424e-01	0.000000e+00	0.000000e+00	5.291274e-01	-5.959830e-01	8.142909e-01	-1.530808e-17
5.108023e+00	8.516824e-01	0.000000e+00	0.000000e+00	5.240583e-01	-5.922459e-01	8.124318e-01	-1.530808e-17
5.120157e+00	8.547917e-01	0.000000e+00	0.000000e+00	5.189713e-01	-5.885318e-01	8.105286e-01	-1.530808e-17
5.132290e+00	8.578701e-01	0.000000e+00	0.000000e+00	5.138666e-01	-5.848412e-01	8.085815e-01	-1.530808e-17
5.144423e+00	8.609177e-01	0.000000e+00	0.000000e+00	5.087443e-01	-5.811745e-01	8.065909e-01	-1.530808e-17
5.156556e+00	8.639342e-01	0.000000e+00	0.000000e+00	5.036047e-01	-5.775324e-01	8.045569e-01	-1.530808e-17
5.168689e+00	8.669196e-01	0.000000e+00	0.000000e+00	4.984480e-01	-5.739153e-01	8.024800e-01	-1.530808e-17
5.180822e+00	8.698739e-01	0.000000e+00	0.000000e+00	4.932742e-01	-5.703236e-01	8.003605e-01	-1.530808e-17
5.192955e+00	8.727968e-01	0.000000e+00	0.000000e+00	4.880838e-01	-5.667580e-01	7.981986e-01	-1.530808e-17
5.205088e+00	8.756884e-01	0.000000e+00	0.000000e+00	4.828767e-01	-5.632189e-01	7.959946e-01	-1.530808e-17
5.217221e+00	8.785485e-01	0.000000e+00	0.000000e+00	4.776532e-01	-5.597068e-01	7.937491e-01	-1.530808e-17
5.229354e+00	8.813770e-01	0.000000e+00	0.000000e+00	4.724136e-01	-5.562222e-01	7.914621e-01	-1.530808e-17
5.241487e+00	8.841739e-01	0.000000e+00	0.000000e+00	4.671579e-01	-5.527656e-01	7.891342e-01	-1.530808e-17
5.253620e+00	8.869391e-01	0.000000e+00	0.000000e+00	4.618865e-01	-5.493374e-01	7.867656e-01	-1.530808e-17
5.265753e+00	8.896724e-01	0.000000e+00	0.000000e+00	4.565994e-01	-5.459381e-01	7.843567e-01	-1.530808e-17
5.277886e+00	8.923739e-01	0.000000e+00	0.000000e+00	4.512969e-01	-5.425682e-01	7.819079e-01	-1.530808e-17
5.290020e+00	8.950434e-01	0.000000e+00	0.000000e+00	4.459791e-01	-5.392282e-01	7.794195e-01	-1.530808e-17
5.302153e+00	8.976808e-01	0.000000e+00	0.000000e+00	4.406463e-01	-5.359184e-01	7.768918e-01	-1.530808e-17
5.314286e+00	9.002861e-01	0.000000e+00	0.000000e+00	4.352987e-01	-5.326395e-01	7.743254e-01	-1.530808e-17
5.326419e+00	9.028591e-01	0.000000e+00	0.000000e+00	4.299365e-01	-5.293918e-01	7.717205e-01	-1.530808e-17
5.338552e+00	9.053999e-01	0.000000e+00	0.000000e+00	4.245598e-01	-5.261757e-01	7.690775e-01	-1.530808e-17
5.350685e+00	9.079083e-01	0.000000e+00	0.000000e+00	4.191688e-01	-5.229917e-01	7.663968e-01	-1.530808e-17
5.362818e+00	9.103843e-01	0.000000e+00	0.000000e+00	4.137638e-01	-5.198403e-01	7.636788e-01	-1.530808e-17
5.374951e+00	9.128277e-01	0.000000e+00	0.000000e+00	4.083449e-01	-5.167219e-01	7.609240e-01	-1.530808e-17
5.387084e+00	9.152386e-01	0.000000e+00	0.000000e+00	4.029124e-01	-5.136369e-01	7.581327e-01	-1.530808e-17
5.399217e+00	9.176167e-01	0.000000e+00	0.000000e+00	3.974664e-01	-5.105857e-01	7.553053e-01	-1.530808e-17
5.411350e+00	9.199622e-01	0.000000e+00	0.000000e+00	3.920071e-01	-5.075687e-01	7.524422e-01	-1.530808e-17
5.423483e+00	9.222748e-01	0.000000e+00	0.000000e+00	3.865348e-01	-5.045864e-01	7.495439e-01	-1.530808e-17
5.435616e+00	9.245546e-01	0.000000e+00	0.000000e+00	3.810496e-01	-5.016391e-01	7.466108e-01	-1.530808e-17
5.447750e+00	9.268014e-01	0.000000e+00	0.000000e+00	3.755517e-01	-4.987274e-01	7.436433e-01	-1.530808e-17
5.459883e+00	9.290153e-01	0.000000e+00	0.000000e+00	3.700413e-01	-4.958514e-01	7.406418e-01	-1.530808e-17
5.472016e+00	9.311961e-01	0.000000e+00	0.000000e+00	3.645187e-01	-4.930117e-01	7.376069e-01	-1.530808e-17
5.484149e+00	9.333437e-01	0.000000e+00	0.000000e+00	3.589840e-01	-4.902087e-01	7.345388e-01	-1.530808e-17
5.496282e+00	9.354581e-01	0.000000e+00	0.000000e+00	3.534375e-01	-4.874426e-01	7.314382e-01	-1.530808e-17
5.508415e+00	9.375393e-01	0.000000e+00	0.000000e+00	3.478793e-01	-4.847140e-01	7.283053e-01	-1.530808e-17
5.520548e+00	9.395872e-01	0.000000e+00	0.000000e+00	3.423096e-01	-4.820231e-01	7.251408e-01	-1.530808e-17
5.532681e+00	9.416018e-01	0.000000e+00	0.000000e+00	3.367286e-01	-4.793703e-01	7.219450e-01	-1.530808e-17
5.544814e+00	9.435828e-01	0.000000e+00	0.000000e+00	3.311365e-01	-4.767560e-01	7.187183e-01	-1.530808e-17
5.556947e+00	9.455305e-01	0.000000e+00	0.000000e+00	3.255336e-01	-4.741805e-01	7.154614e-01	-1.530808e-17
5.569080e+00	9.474445e-01	0.000000e+00	0.000000e+00	3.199201e-01	-4.716442e-01	7.121746e-01	-1.530808e-17
5.581213e+00	9.493250e-01	0.000000e+00	0.000000e+00	3.142960e-01	-4.691474e-01	7.088584e-01	-1.530808e-17
5.593346e+00	9.511719e-01	0.000000e+00	0.000000e+00	3.086617e-01	-4.666904e-01	7.055133e-01	-1.530808e-17
5.605479e+00	9.529850e-01	0.000000e+00	0.000000e+00	3.030174e-01	-4.642737e-01	7.021397e-01	-1.530808e-17
5.617613e+00	9.547644e-01	0.000000e+00	0.000000e+00	2.973632e-01	-4.618974e-01	6.987383e-01	-1.530808e-17
5.629746e+00	9.565101e-01	0.000000e+00	0.000000e+00	2.916993e-01	-4.595619e-01	6.953093e-01	-1.530808e-17
5.641879e+00	9.582219e-01	0.000000e+00	0.000000e+00	2.860260e-01	-4.572676e-01	6.918535e-01	-1.530808e-17
5.654012e+00	9.598998e-01	0.000000e+00	0.000000e+00	2.803434e-01	-4.550147e-01	6.883711e-01	-1.530808e-17
5.666145e+00	9.615437e-01	0.000000e+00	0.000000e+00	2.746518e-01	-4.528035e-01	6.848628e-01	-1.530808e-17
5.678278e+00	9.631538e-01	0.000000e+00	0.000000e+00	2.689514e-01	-4.506344e-01	6.813291e-01	-1.530808e-17
5.690411e+00	9.647297e-01	0.000000e+00	0.000000e+00	2.632423e-01	-4.485076e-01	6.777704e-01	-1.530808e-17
5.702544e+00	9.662717e-01	0.000000e+00	0.000000e+00	2.575248e-01	-4.464233e-01	6.741872e-01	-1.530808e-17
5.714677e+00	9.677795e-01	0.000000e+00	0.000000e+00	2.517991e-01	-4.443819e-01	6.705802e-01	-1.530808e-17
5.726810e+00	9.692533e-01	0.000000e+00	0.000000e+00	2.460653e-01	-4.423837e-01	6.669497e-01	-1.530808e-17
5.738943e+00	9.706928e-01	0.000000e+00	0.000000e+00	2.403237e-01	-4.404288e-01	6.632963e-01	-1.530808e-17
5.751076e+00	9.720981e-01	0.000000e+00	0.000000e+00	2.345745e-01	-4.385176e-01	6.596206e-01	-1.530808e-17
5.763209e+00	9.734692e-01	0.000000e+00	0.000000e+00	2.288179e-01	-4.366503e-01	6.559230e-01	-1.530808e-17
5.775342e+00	9.748061e-01	0.000000e+00	0.000000e+00	2.230541e-01	-4.348272e-01	6.522041e-01	-1.530808e-17
5.787476e+00	9.761086e-01	0.000000e+00	0.000000e+00	2.172832e-01	-4.330484e-01	6.484644e-01	-1.530808e-17
5.799609e+00	9.773768e-01	0.000000e+00	0.000000e+00	2.115056e-01	-4.313142e-01	6.447045e-01	-1.530808e-17
5.811742e+00	9.786106e-01	0.000000e+00	0.000000e+00	2.057214e-01	-4.296249e-01	6.409248e-01	-1.530808e-17
5.823875e+00	9.798100e-01	0.000000e+00	0.000000e+00	1.999308e-01	-4.279806e-01	6.371259e-01	-1.530808e-17
5.836008e+00	9.809750e-01	0.000000e+00	0.000000e+00	1.941340e-01	-4.263816e-01	6.333084e-01	-1.530808e-17
5.848141e+00	9.821056e-01	0.000000e+00	0.000000e+00	1.883313e-01	-4.248281e-01	6.294728e-01	-1.530808e-17
5.860274e+00	9.832016e-01	0.000000e+00	0.000000e+00	1.825227e-01	-4.233202e-01	6.256196e-01	-1.530808e-17
5.872407e+00	9.842632e-01	0.000000e+00	0.000000e+00	1.767086e-01	-4.218582e-01	6.217495e-01	-1.530808e-17
5.884540e+00	9.852903e-01	0.000000e+00	0.000000e+00	1.708892e-01	-4.204422e-01	6.178628e-01	-1.530808e-17
5.896673e+00	9.862828e-01	0.000000e+00	0.000000e+00	1.650645e-01	-4.190724e-01	6.139602e-01	-1.530808e-17
5.908806e+00	9.872407e-01	0.000000e+00	0.000000e+00	1.592350e-01	-4.177490e-01	6.100423e-01	-1.530808e-17
5.920939e+00	9.881641e-01	0.000000e+00	0.000000e+00	1.534007e-01	-4.164722e-01	6.061095e-01	-1.530808e-17
5.933072e+00	9.890528e-01	0.000000e+00	0.000000e+00	1.475618e-01	-4.152421e-01	6.021625e-01	-1.530808e-17
5.945205e+00	9.899070e-01	0.000000e+00	0.000000e+00	1.417186e-01	-4.140589e-01	5.982018e-01	-1.530808e-17
5.957339e+00	9.907265e-01	0.000000e+00	0.000000e+00	1.358713e-01	-4.129227e-01	5.942279e-01	-1.530808e-17
5.969472e+00	9.915114e-01	0.000000e+00	0.000000e+00	1.300201e-01	-4.118337e-01	5.902415e-01	-1.530808e-17
5.981605e+00	9.922616e-01	0.000000e+00	0.000000e+00	1.241652e-01	-4.107919e-01	5.862430e-01	-1.530808e-17
5.993738e+00	9.929771e-01	0.000000e+00	0.000000e+00	1.183067e-01	-4.097975e-01	5.822331e-01	-1.530808e-17
6.005871e+00	9.936580e-01	0.000000e+00	0.000000e+00	1.124449e-01	-4.088507e-01	5.782123e-01	-1.530808e-17
6.018004e+00	9.943041e-01	0.000000e+00	0.000000e+00	1.065801e-01	-4.079515e-01	5.741811e-01	-1.530808e-17
6.030137e+00	9.949156e-01	0.000000e+00	0.000000e+00	1.007123e-01	-4.071001e-01	5.701402e-01	-1.530808e-17
6.042270e+00	9.954924e-01	0.000000e+00	0.000000e+00	9.484185e-02	-4.062965e-01	5.660900e-01	-1.530808e-17
6.054403e+00	9.960344e-01	0.000000e+00	0.000000e+00	8.896891e-02	-4.055408e-01	5.620313e-01	-1.530808e-17
6.066536e+00	9.965417e-01	0.000000e+00	0.000000e+00	8.309370e-02	-4.048332e-01	5.579644e-01	-1.530808e-17
6.078669e+00	9.970144e-01	0.000000e+00	0.000000e+00	7.721641e-02	-4.041737e-01	5.538901e-01	-1.530808e-17
6.090802e+00	9.974523e-01	0.000000e+00	0.000000e+00	7.133725e-02	-4.035623e-01	5.498089e-01	-1.530808e-17
6.102935e+00	9.978554e-01	0.000000e+00	0.000000e+00	6.545643e-02	-4.029992e-01	5.457212e-01	-1.530808e-17
6.115068e+00	9.982239e-01	0.000000e+00	0.000000e+00	5.957416e-02	-4.024844e-01	5.416278e-01	-1.530808e-17
6.127202e+00	9.985576e-01	0.000000e+00	0.000000e+00	5.369062e-02	-4.020179e-01	5.375292e-01	-1.530808e-17
6.139335e+00	9.988566e-01	0.000000e+00	0.000000e+00	4.780604e-02	-4.015998e-01	5.334260e-01	-1.530808e-17
6.151468e+00	9.991209e-01	0.000000e+00	0.000000e+00	4.192062e-02	-4.012301e-01	5.293186e-01	-1.530808e-17
6.163601e+00	9.993505e-01	0.000000e+00	0.000000e+00	3.603455e-02	-4.009089e-01	5.252078e-01	-1.530808e-17
6.175734e+00	9.995454e-01	0.000000e+00	0.000000e+00	3.014805e-02	-4.006362e-01	5.210940e-01	-1.530808e-17
6.187867e+00	9.997057e-01	0.000000e+00	0.000000e+00	2.426132e-02	-4.004120e-01	5.169779e-01	-1.530808e-17
6.200000e+00	9.998312e-01	0.000000e+00	0.000000e+00	1.837456e-02	-4.002363e-01	5.128600e-01	-1.530808e-17


